7800, -9.56077e-06, -0.0115632, 23710.9
7804, 3.05856e-06, 0.00091281, 23693.5
7801, -9.45271e-06, -0.0116931, 23707.3
7808, -9.53597e-06, -0.0115111, 23676.4
7806, -8.96948e-06, -0.0107765, 23686.2
7803, -8.6708e-06, -0.0101812, 23698.5
7807, 3.70134e-06, 0.00104663, 23681.1
7809, 2.86271e-06, 0.000767166, 23672.6
7805, -7.6761e-06, -0.010673, 23690
7802, -9.57102e-06, -0.0115923, 23702.3
7810, 3.49031e-06, 0.00115692, 23668.8
7811, -9.03001e-06, -0.0115132, 23665.1
7813, -9.3251e-06, -0.0116546, 23655.3
7812, -6.66027e-06, -0.00997816, 23660.2
7821, -6.66422e-06, -0.0099823, 23621.9
7818, 2.85502e-06, 0.000759052, 23634.2
7816, -9.47381e-06, -0.0114075, 23642.9
7823, -8.3631e-06, -0.0101341, 23613.2
7814, -7.97848e-06, -0.00986931, 23651.5
7815, -9.30726e-06, -0.0116478, 23646.8
7817, -8.89676e-06, -0.0106974, 23639.3
7822, 3.68437e-06, 0.00111425, 23618.2
7820, -8.17794e-06, -0.00994751, 23625.5
7819, -9.13539e-06, -0.0115693, 23630.6
7825, 2.85791e-06, 0.000759383, 23604.6
7829, -8.32869e-06, -0.0111012, 23588.6
7826, 3.56127e-06, 0.000453391, 23600.9
7830, 3.6939e-06, 0.000911964, 23583.6
7824, -6.83829e-06, -0.0101046, 23609.6
7832, -7.9923e-06, -0.0108859, 23576.2
7833, 2.87388e-06, 0.000769636, 23572.5
7831, -8.37944e-06, -0.0101523, 23580
7828, -7.80433e-06, -0.00958783, 23592.2
7827, 3.66062e-06, 0.00114484, 23597.2
7835, -9.52588e-06, -0.0114965, 23562.6
7834, -8.15476e-06, -0.00992735, 23567.4
7841, 3.40563e-06, 0.00111449, 23537.7
7836, 3.40626e-06, 4.50454e-05, 23558.9
7845, -9.11275e-06, -0.0109476, 23520.5
7837, -8.00473e-06, -0.00978114, 23553.8
7842, 2.56128e-06, 0.000519281, 23532.9
7844, -8.64729e-06, -0.0113002, 23525.5
7839, -9.13642e-06, -0.0115734, 23546.6
7847, -8.66064e-06, -0.0113088, 23512
7838, -9.56666e-06, -0.0115838, 23551.5
7843, -7.98904e-06, -0.00976714, 23530.5
7846, -8.78497e-06, -0.0113821, 23516.9
7840, -9.24594e-06, -0.011106, 23541.7
7853, 2.81255e-06, 0.00071732, 23487.2
7850, -8.294e-06, -0.0100695, 23500.7
7854, -7.76571e-06, -0.00955732, 23483.4
7851, 3.67278e-06, 0.00112593, 23495.8
7849, 2.71544e-06, 0.000642195, 23504.4
7848, -6.74455e-06, -0.0100427, 23509.5
7852, 3.68977e-06, 0.000876433, 23490.9
7857, -9.46136e-06, -0.0113954, 23471.1
7855, -9.28474e-06, -0.0111568, 23479.7
7858, 3.50239e-06, 0.00114718, 23466.1
7856, 3.52626e-06, 0.00115415, 23474.7
7859, 2.96591e-06, 0.000831766, 23463.7
7862, -8.25318e-06, -0.010002, 23450
7861, -7.09273e-06, -0.0102867, 23453.7
7863, -8.65679e-06, -0.0113093, 23445.1
7868, -8.26543e-06, -0.0110678, 23424.2
7866, -9.58004e-06, -0.0116646, 23434.1
7869, 3.57729e-06, 0.001158, 23421.5
7867, -7.7307e-06, -0.00952764, 23429.1
7864, -8.29913e-06, -0.0110884, 23442.7
7870, -7.97526e-06, -0.0108811, 23416.6
7871, -7.98982e-06, -0.0108908, 23412.9
7860, -7.59917e-06, -0.00940553, 23458.6
7865, -9.49453e-06, -0.0114481, 23437.8
7877, -7.56574e-06, -0.0093793, 23388.1
7873, -8.84673e-06, -0.0106527, 23404.2
7872, 2.87432e-06, 0.00075991, 23407.9
7880, 3.33146e-06, 0.00106613, 23375.8
7879, 2.37814e-06, 0.000357611, 23378.2
7878, 3.49005e-06, 0.000237751, 23383.2
7875, -8.7165e-06, -0.0105123, 23395.6
7882, -9.57233e-06, -0.0116064, 23367.2
7876, -8.18251e-06, -0.00996338, 23391.9
7883, 3.47819e-06, 0.00113241, 23362.1
7874, -7.85789e-06, -0.0108048, 23399.3
7881, -9.18238e-06, -0.0116035, 23370.9
7888, -7.98483e-06, -0.00977253, 23342.3
7887, -9.4687e-06, -0.0114114, 23346.1
7894, -8.01889e-06, -0.00980675, 23316.3
7885, 2.34118e-06, 0.000324941, 23354.7
7890, 3.69229e-06, 0.000871274, 23333.6
7891, -7.91113e-06, -0.0108426, 23330
7884, 3.64517e-06, 0.000680538, 23358.4
7886, -9.06797e-06, -0.0115467, 23349.9
7893, 3.67046e-06, 0.000768906, 23321.2
7889, -7.65696e-06, -0.010674, 23337.4
7892, 2.34243e-06, 0.000324279, 23324.9
7895, -7.81503e-06, -0.0107799, 23312.7
7900, 3.70314e-06, 0.000946914, 23291.5
7899, -8.95776e-06, -0.0114896, 23296.6
7903, 3.70176e-06, 0.00103901, 23279.1
7898, 3.68754e-06, 0.000842451, 23300.2
7904, -8.14457e-06, -0.00993161, 23275.5
7896, 3.51698e-06, 0.00030034, 23309
7902, -8.26642e-06, -0.0110741, 23284.1
7907, -7.1065e-06, -0.00900216, 23263
7901, 3.57606e-06, 0.00114868, 23287.8
7897, -7.13416e-06, -0.00902064, 23304
7905, -7.49721e-06, -0.00932496, 23270.5
7906, -9.49641e-06, -0.0117196, 23266.9
7909, -8.48431e-06, -0.011212, 23254.5
7912, -9.03212e-06, -0.0108666, 23242
7914, -7.35626e-06, -0.0104752, 23233.4
7913, 3.69416e-06, 0.00106917, 23238.2
7908, -6.52514e-06, -0.00989672, 23259.3
7916, -7.43144e-06, -0.0092701, 23225.9
7917, -8.12718e-06, -0.00991719, 23220.9
7918, -6.43202e-06, -0.00983184, 23217.2
7915, -8.22519e-06, -0.0100137, 23229.6
7911, -7.63959e-06, -0.00945378, 23247
7910, -7.91787e-06, -0.00971301, 23250.7
7919, 3.54908e-06, 0.00114056, 23213.5
7923, 3.19775e-06, 0.000974762, 23196.2
7921, -9.55995e-06, -0.0117116, 23204.8
7925, 3.68125e-06, 0.00109424, 23188.6
7924, -9.57553e-06, -0.0116951, 23192.5
7922, -9.03972e-06, -0.0108771, 23201.1
7920, 3.36905e-06, 0.00107464, 23208.5
7928, 3.43886e-06, 8.19182e-05, 23176.3
7926, -9.21644e-06, -0.0116278, 23183.9
7930, -6.47671e-06, -0.00986539, 23167.7
7929, -9.25253e-06, -0.0111298, 23171.5
7931, -7.23187e-06, -0.00910669, 23163.8
7927, -9.18562e-06, -0.0110482, 23180.1
7936, -8.18446e-06, -0.0110275, 23142.9
7938, -9.1453e-06, -0.0110023, 23135.5
7939, -7.02382e-06, -0.00895067, 23130.4
7940, -8.01097e-06, -0.0099001, 23126.7
7932, -9.42612e-06, -0.0113568, 23158.9
7934, 3.53866e-06, 0.000340831, 23151.5
7933, -9.57662e-06, -0.0116274, 23155.3
7935, 3.63199e-06, 0.000614049, 23147.8
7942, -9.52042e-06, -0.011727, 23118.1
7937, -9.13896e-06, -0.0109947, 23139.1
7941, -9.38504e-06, -0.0113017, 23123
7943, -9.57494e-06, -0.0116225, 23114.4
7944, -7.44983e-06, -0.0105434, 23110.6
7948, -8.03831e-06, -0.0098369, 23093.2
7945, 2.43493e-06, 0.000388901, 23105.6
7952, 3.44279e-06, 8.04753e-05, 23077.1
7947, -7.78235e-06, -0.00959327, 23098.2
7949, -9.56843e-06, -0.0116036, 23089.5
7946, -8.72424e-06, -0.010534, 23101.9
7950, -8.83725e-06, -0.0106567, 23085.8
7951, 3.67807e-06, 0.00109142, 23080.7
7953, -8.83626e-06, -0.0106562, 23073.4
7955, -7.37615e-06, -0.0104952, 23064.7
7954, -7.24217e-06, -0.00912099, 23069.7
7965, 3.70619e-06, 0.000955116, 23023.6
7957, -8.29077e-06, -0.0110988, 23057.2
7960, 2.21663e-06, 0.000200151, 23044.8
7963, -6.82821e-06, -0.0101184, 23032.4
7961, -9.20769e-06, -0.01163, 23039.9
7962, -8.72878e-06, -0.0105419, 23036.2
7958, -7.77932e-06, -0.00959291, 23052.3
7956, -9.4256e-06, -0.0117154, 23061.1
7959, -8.78278e-06, -0.0105993, 23048.5
7966, -8.7688e-06, -0.0113934, 23020.1
7967, -8.69713e-06, -0.0105091, 23016.4
7964, -9.57155e-06, -0.0117103, 23028.8
7973, -7.24586e-06, -0.010409, 22991.5
7969, -6.96391e-06, -0.0102139, 23007.7
7968, 2.73485e-06, 0.000627033, 23011.3
7970, -7.18676e-06, -0.010368, 23003.8
7975, -8.55752e-06, -0.0112682, 22982.8
7972, -9.34608e-06, -0.0112555, 22995.3
7976, -7.91999e-06, -0.00972916, 22979
7977, 3.60667e-06, 0.000516223, 22975.4
7978, 2.65438e-06, 0.000560497, 22970.2
7971, -6.95661e-06, -0.0102091, 22998.9
7979, 3.19094e-06, 0.000955063, 22966.6
7974, -9.07339e-06, -0.010925, 22987.8
7984, 2.50214e-06, 0.000435019, 22946.7
7980, -8.98039e-06, -0.0115162, 22963
7985, 3.7065e-06, 0.000957942, 22941.8
7981, -9.58085e-06, -0.0116506, 22959.2
7986, -9.41365e-06, -0.0113485, 22938.2
7990, -8.68784e-06, -0.0113496, 22921.9
7988, -7.65311e-06, -0.0106872, 22930.6
7982, -8.82029e-06, -0.0106442, 22954.2
7983, 3.66634e-06, 0.000713517, 22950.5
7989, 3.62521e-06, 0.000568537, 22925.7
7987, -7.67329e-06, -0.00950172, 22934.2
7991, 2.61672e-06, 0.000526869, 22918.1
7996, -9.48725e-06, -0.0114578, 22897.1
7998, -7.46828e-06, -0.0093218, 22889.6
7997, 3.52751e-06, 0.000281842, 22893.4
7994, -8.94588e-06, -0.0107844, 22905.7
8000, 3.67563e-06, 0.000743241, 22880.9
7995, -6.85191e-06, -0.0101396, 22902
7999, -8.06658e-06, -0.00987493, 22885.8
7993, -7.81766e-06, -0.00963636, 22909.5
7992, -9.49686e-06, -0.011736, 22914.5
8001, -7.69052e-06, -0.00952064, 22877.2
8002, -9.29636e-06, -0.0116771, 22873.6
8003, -7.4993e-06, -0.00934996, 22869.6
8007, -8.0627e-06, -0.0098729, 22852.4
8011, -7.52887e-06, -0.0093779, 22836.1
8012, -9.51706e-06, -0.011509, 22832.5
8006, -7.1075e-06, -0.0103188, 22857.3
8005, -9.54145e-06, -0.0115519, 22861.1
8008, -9.45273e-06, -0.0117319, 22848.7
8009, -9.57896e-06, -0.0117084, 22844.9
8004, -7.4388e-06, -0.00929773, 22866
8013, -8.27881e-06, -0.0111004, 22828.8
8014, 3.67473e-06, 0.000733885, 22825
8010, -7.08923e-06, -0.0103068, 22841.1
8015, 2.84138e-06, 0.000697494, 22821.2
8019, 3.65348e-06, 0.000650262, 22803.8
8016, -7.15904e-06, -0.00907208, 22816.2
8021, -9.4748e-06, -0.0117387, 22796.4
8018, -9.53279e-06, -0.0117405, 22808.8
8020, -9.275e-06, -0.0111734, 22800.1
8026, -8.74504e-06, -0.0113897, 22776.6
8024, 2.89336e-06, 0.000734318, 22783.9
8025, -9.44925e-06, -0.0117343, 22780.3
8017, -8.88814e-06, -0.0107248, 22812.5
8023, 3.65392e-06, 0.00109324, 22787.6
8022, -8.30856e-06, -0.0111208, 22792.7
8027, 3.64777e-06, 0.000627194, 22771.5
8035, -8.55022e-06, -0.0103677, 22740.4
8028, 3.70073e-06, 0.00101225, 22767.8
8031, -9.10854e-06, -0.0115933, 22755.5
8029, 3.55365e-06, 0.00110839, 22764.1
8032, -8.89593e-06, -0.0114781, 22751.7
8033, -8.76023e-06, -0.0113998, 22748
8037, 2.63209e-06, 0.000527332, 22731.7
8034, -8.72591e-06, -0.0113797, 22744.3
8036, 2.15668e-06, 0.000129759, 22735.5
8030, -7.52743e-06, -0.0106093, 22760.3
8038, 3.11492e-06, 0.000888849, 22728
8039, 3.49867e-06, 0.00109344, 22724.2
8041, -8.99254e-06, -0.0108453, 22715.6
8042, -8.19124e-06, -0.0100059, 22711.8
8045, -8.52731e-06, -0.0112613, 22700.7
8040, 3.70623e-06, 0.00097062, 22720.4
8044, -7.31372e-06, -0.00920251, 22703
8048, -6.95569e-06, -0.00893809, 22686.8
8043, -7.31698e-06, -0.00920488, 22708
8050, -7.345e-06, -0.00922981, 22679.3
8046, -8.68208e-06, -0.0105081, 22695.6
8051, -7.79052e-06, -0.0107887, 22675.8
8049, -8.27101e-06, -0.0111014, 22683.3
8047, -7.36396e-06, -0.00924485, 22691.8
8052, -9.54102e-06, -0.0117457, 22672.1
8058, -9.03735e-06, -0.010899, 22647.2
8054, -7.2703e-06, -0.00916975, 22663.2
8056, 2.22689e-06, 0.000185279, 22655.7
8057, -8.87278e-06, -0.0114692, 22650.9
8059, 2.35831e-06, 0.000296072, 22643.3
8053, -9.23209e-06, -0.0111265, 22667
8060, -7.51439e-06, -0.00937681, 22639.6
8062, -8.20379e-06, -0.0110605, 22630.9
8063, 2.97267e-06, 0.000782288, 22627.2
8055, -8.81275e-06, -0.0106496, 22659.5
8061, 3.70365e-06, 0.000986579, 22635.8
8064, -7.19356e-06, -0.0103868, 22623.5
8072, 3.39921e-06, 0.00104527, 22591.1
8069, 2.34085e-06, 0.000278855, 22603.5
8067, -6.98008e-06, -0.00895955, 22610.9
8071, -7.59723e-06, -0.0106626, 22596
8068, -9.57825e-06, -0.0116485, 22607.4
8070, -7.46062e-06, -0.0105701, 22599.8
8066, -9.56613e-06, -0.0116137, 22616
8065, -9.41346e-06, -0.0113615, 22619.7
8074, -7.27778e-06, -0.00918097, 22583.5
8073, -9.02136e-06, -0.0115546, 22587.4
8075, -7.10371e-06, -0.0103264, 22579.8
8079, -8.29716e-06, -0.0111229, 22563.8
8077, 3.70697e-06, 0.000914344, 22571.1
8078, -9.53329e-06, -0.0115479, 22567.4
8081, -9.00383e-06, -0.0108652, 22556.3
8082, -9.50025e-06, -0.0117533, 22551.2
8084, -7.24389e-06, -0.00915652, 22543.7
8080, -7.28922e-06, -0.00919177, 22559.9
8076, 3.57233e-06, 0.00109581, 22576
8086, -6.90347e-06, -0.0101887, 22536.2
8085, -8.63175e-06, -0.0113318, 22540
8083, -7.78664e-06, -0.0107911, 22547.5
8087, -9.38734e-06, -0.0117275, 22531.3
8091, -8.21687e-06, -0.0100412, 22516.3
8088, 3.56909e-06, 0.00109187, 22527.4
8096, 3.45673e-06, 4.88529e-05, 22496.3
8097, -7.17646e-06, -0.0103799, 22491.4
8094, -7.47421e-06, -0.010583, 22503.9
8092, -8.34532e-06, -0.0101696, 22511.3
8089, 2.50393e-06, 0.000409694, 22523.8
8093, -8.27701e-06, -0.0111123, 22507.6
8090, -9.5722e-06, -0.0117371, 22520.1
8099, 2.81639e-06, 0.000655955, 22483.9
8098, 2.86749e-06, 0.000695121, 22487.6
8095, 2.68941e-06, 0.000558081, 22500.1
8102, 3.70698e-06, 0.000903949, 22471.4
8100, -9.10756e-06, -0.0109871, 22480.2
8109, 3.70281e-06, 0.000846106, 22443.9
8103, 3.66324e-06, 0.000652672, 22467.8
8104, -6.94271e-06, -0.0089481, 22463.9
8105, -9.14886e-06, -0.0110362, 22460.2
8101, 3.14328e-06, 0.000890283, 22476.3
8110, -6.54424e-06, -0.00993816, 22440.3
8107, 3.7072e-06, 0.000910842, 22452.7
8106, -8.02823e-06, -0.0109539, 22456.6
8111, -8.91456e-06, -0.0107712, 22436.5
8108, -7.86387e-06, -0.0108462, 22447.8
8114, 2.7211e-06, 0.000578015, 22424
8122, -8.03437e-06, -0.00986963, 22392.9
8117, -9.4704e-06, -0.0117557, 22412.9
8112, -7.58956e-06, -0.00945529, 22432.8
8121, -7.42133e-06, -0.00931164, 22396.7
8118, -8.81273e-06, -0.0106613, 22409.2
8115, -7.60296e-06, -0.00946788, 22420.2
8119, -9.49634e-06, -0.011492, 22405.4
8120, 3.05768e-06, 0.000827043, 22400.3
8116, -9.40923e-06, -0.0113642, 22416.7
8123, 3.41796e-06, 0.00103842, 22389.2
8113, -9.15811e-06, -0.0110485, 22429.1
8124, 3.03008e-06, 0.000806735, 22385.3
8126, -8.03385e-06, -0.0109607, 22376.8
8131, -9.29663e-06, -0.0112196, 22358
8125, -6.66118e-06, -0.0100234, 22381.7
8134, 2.27463e-06, 0.000206381, 22345.5
8128, -9.23365e-06, -0.0111414, 22369.3
8129, -9.15548e-06, -0.0110482, 22365.4
8130, 3.04681e-06, 0.000816713, 22361.7
8133, -9.58548e-06, -0.0116871, 22349.3
8135, 3.24504e-06, 0.000944454, 22341.7
8127, -7.89748e-06, -0.0108714, 22373
8132, 3.5821e-06, 0.000376367, 22352.9
8141, -8.49574e-06, -0.0112577, 22318.1
8140, -9.38561e-06, -0.0113362, 22321.9
8143, 3.23971e-06, 0.000939026, 22310.5
8145, 3.47577e-06, 7.66279e-05, 22301.8
8142, -7.397e-06, -0.00929637, 22314.3
8137, 3.70603e-06, 0.000938262, 22334.2
8136, 3.35626e-06, 0.0010056, 22338
8146, -8.05101e-06, -0.010975, 22298.2
8138, -9.56159e-06, -0.0117553, 22330.6
8139, 3.61112e-06, 0.000461363, 22325.5
8144, -9.38231e-06, -0.0117359, 22306.9
8147, -9.58578e-06, -0.0116896, 22294.3
8150, 3.67891e-06, 0.000698673, 22283.2
8154, 3.47894e-06, 0.00105205, 22266.9
8155, -9.3139e-06, -0.0112455, 22263.3
8148, 3.65682e-06, 0.00104993, 22290.6
8149, -9.43892e-06, -0.0114111, 22286.9
8156, -9.58445e-06, -0.0116826, 22259.4
8152, -7.16905e-06, -0.00911726, 22274.3
8151, 3.40353e-06, 0.00102376, 22279.3
8153, -9.15426e-06, -0.0116376, 22270.7
8157, 3.63074e-06, 0.000517125, 22255.7
8158, -7.70943e-06, -0.00957346, 22251.9
8159, 3.69564e-06, 0.000778625, 22248.1
8160, -8.77424e-06, -0.0114293, 22243.3
8162, 3.60911e-06, 0.00106566, 22235.6
8167, -6.53311e-06, -0.0099377, 22215.7
8161, -8.55653e-06, -0.0112985, 22239.4
8166, 3.62232e-06, 0.000486024, 22220.7
8169, -8.42828e-06, -0.0102687, 22208.2
8171, -7.04616e-06, -0.00903507, 22200.7
8168, 3.06285e-06, 0.00081719, 22211.9
8170, -9.46552e-06, -0.0117645, 22204.5
8165, -7.38139e-06, -0.00928909, 22224.3
8163, -8.3022e-06, -0.0101406, 22232
8164, -9.11017e-06, -0.011617, 22228.3
8173, 3.66978e-06, 0.00065122, 22193.2
8174, 2.79427e-06, 0.000618979, 22189.4
8177, -8.98599e-06, -0.011553, 22177
8175, 3.69496e-06, 0.000769008, 22184.4
8178, -7.00608e-06, -0.0102732, 22173.3
8176, -9.51992e-06, -0.0115397, 22180.8
8179, 3.70079e-06, 0.000808001, 22169.5
8181, -9.50581e-06, -0.0117722, 22162.1
8172, -8.28689e-06, -0.0111313, 22196.9
8182, 3.68508e-06, 0.00100355, 22158.1
8180, 3.25351e-06, 0.000936281, 22165.7
8183, 3.14771e-06, 0.000869915, 22154.4
8184, -9.45752e-06, -0.0114437, 22149.6
8185, -9.57444e-06, -0.0117551, 22145.9
8191, -6.54142e-06, -0.0099467, 22123.2
8187, -8.45756e-06, -0.010302, 22138.2
8188, -8.87706e-06, -0.0107442, 22134.5
8190, -9.19703e-06, -0.0111082, 22125.8
8186, 3.67986e-06, 0.00100994, 22142.1
8192, -6.52738e-06, -0.00993675, 22119.5
8195, 3.53589e-06, 0.00105334, 22107
8193, 3.10051e-06, 0.000835621, 22114.5
8189, -9.15223e-06, -0.011055, 22130.7
8194, 3.31597e-06, 0.000967247, 22110.8
8199, -6.92886e-06, -0.00897181, 22092
8196, -8.79886e-06, -0.0114498, 22103.2
8198, -7.46409e-06, -0.00936692, 22095.8
8200, -8.31006e-06, -0.0101559, 22087
8205, -8.86546e-06, -0.0107347, 22068.3
8201, -8.85141e-06, -0.0114811, 22084.5
8203, -8.83811e-06, -0.0114738, 22075.8
8207, -9.32313e-06, -0.0112661, 22060.8
8202, -7.5368e-06, -0.00943034, 22080.8
8197, -8.09365e-06, -0.00994259, 22099.6
8204, -9.588e-06, -0.0117275, 22072.1
8206, -9.30229e-06, -0.0117157, 22064.6
8208, -7.70358e-06, -0.00957956, 22057
8213, -7.00441e-06, -0.0102769, 22037
8216, -9.126e-06, -0.0110291, 22025.7
8217, -6.44478e-06, -0.00988045, 22022.1
8210, -7.04956e-06, -0.010308, 22048.3
8214, -9.54953e-06, -0.0117752, 22033.3
8215, -8.04198e-06, -0.0098966, 22029.4
8218, -9.55961e-06, -0.0117723, 22018.4
8212, -9.58571e-06, -0.0117414, 22042.1
8209, 3.65556e-06, 0.00102917, 22052
8219, 2.48688e-06, 0.000361969, 22013.3
8211, 3.38362e-06, 0.000996462, 22045.7
8221, 3.62515e-06, 0.00104135, 22007
8227, 3.06294e-06, 0.000800462, 21983.3
8223, -7.17561e-06, -0.00914208, 21998.2
8228, -8.48464e-06, -0.0112648, 21979.6
8220, -6.652e-06, -0.0100294, 22009.6
8224, 3.48196e-06, 5.82895e-05, 21994.5
8222, -8.66236e-06, -0.0113728, 22003.3
8225, -9.11448e-06, -0.0116297, 21989.5
8226, -7.3196e-06, -0.0104969, 21987
8229, 2.57492e-06, 0.000431064, 21974.5
8230, -8.31843e-06, -0.0111606, 21970.8
8231, -6.77341e-06, -0.010117, 21968.2
8233, -9.37653e-06, -0.0113398, 21959.6
8238, 3.01791e-06, 0.000766126, 21940.7
8234, 3.67656e-06, 0.000996956, 21955.7
8232, 3.22404e-06, 0.000903367, 21964.5
8241, -6.97594e-06, -0.00901264, 21929.4
8237, 3.64619e-06, 0.00053906, 21944.4
8235, -9.58022e-06, -0.0116747, 21952
8239, -8.73141e-06, -0.011417, 21935.8
8240, -8.23799e-06, -0.0111107, 21933.3
8236, -9.45089e-06, -0.0117731, 21949.5
8242, -8.21881e-06, -0.010074, 21925.8
8243, -9.56629e-06, -0.0117738, 21920.8
8244, 3.69776e-06, 0.000942819, 21916.9
8245, 3.69334e-06, 0.000958642, 21914.3
8250, -8.78859e-06, -0.0114526, 21895.7
8253, 2.37414e-06, 0.000259867, 21883.1
8251, -7.27604e-06, -0.0104705, 21890.7
8246, 3.16754e-06, 0.000864249, 21910.7
8249, -8.41162e-06, -0.0112225, 21898.3
8252, 2.73934e-06, 0.000555453, 21886.8
8248, -9.13047e-06, -0.0116418, 21902
8255, -9.2087e-06, -0.0111335, 21875.6
8254, -9.39443e-06, -0.0113672, 21879.4
8247, -7.56861e-06, -0.00946891, 21905.7
8260, -9.55463e-06, -0.0117826, 21856.9
8256, -9.14854e-06, -0.0110625, 21872
8262, -9.31705e-06, -0.0112679, 21848.2
8257, -9.30871e-06, -0.0112565, 21866.9
8263, -8.92584e-06, -0.0115339, 21844.4
8264, -9.55384e-06, -0.0117836, 21840.7
8259, -8.83219e-06, -0.0114796, 21859.5
8266, -8.04342e-06, -0.00990882, 21833
8261, -9.58813e-06, -0.01171, 21851.9
8258, -8.31317e-06, -0.0111616, 21863.1
8265, 2.66055e-06, 0.000490034, 21836.8
8267, -6.97066e-06, -0.0090183, 21829.3
8269, -6.98812e-06, -0.00902915, 21821.8
8271, -9.58015e-06, -0.0116789, 21814.4
8268, -8.29702e-06, -0.0101566, 21825.5
8277, -7.6149e-06, -0.0107053, 21790.5
8272, -9.20238e-06, -0.0116816, 21810.6
8276, -8.34885e-06, -0.0111871, 21794.3
8273, -9.20296e-06, -0.0111298, 21806.9
8274, -9.58622e-06, -0.0117011, 21803
8278, -9.56822e-06, -0.0116483, 21786.8
8275, -8.70871e-06, -0.0114093, 21799.4
8270, -8.581e-06, -0.0113311, 21818.1
8279, -9.58706e-06, -0.0117547, 21783
8280, -9.11025e-06, -0.0116368, 21779.3
8282, -8.47047e-06, -0.0103339, 21771.7
8284, 3.61745e-06, 0.00102124, 21764.1
8286, 3.62103e-06, 0.00101939, 21756.6
8287, -8.94571e-06, -0.011549, 21753
8285, -8.55512e-06, -0.0104212, 21760.4
8283, -8.34367e-06, -0.0102061, 21767.9
8291, 3.01551e-06, 0.000749391, 21737.8
8288, -9.44903e-06, -0.011782, 21749.2
8289, -7.20575e-06, -0.00918314, 21745.4
8290, -9.55003e-06, -0.0116116, 21741.6
8281, -9.02464e-06, -0.0115915, 21775.5
8293, -9.54183e-06, -0.0117921, 21730.4
8296, 3.6454e-06, 0.000515687, 21719.1
8299, -6.8679e-06, -0.00897914, 21707.8
8294, 2.60048e-06, 0.00043443, 21726.6
8295, -8.62397e-06, -0.0104945, 21722.8
8300, 3.70264e-06, 0.000797657, 21703.9
8303, -8.81792e-06, -0.0107013, 21692.8
8292, -8.60819e-06, -0.0113512, 21734.2
8297, -9.28608e-06, -0.011235, 21715.4
8302, 3.66308e-06, 0.000580155, 21696.5
8298, -7.62599e-06, -0.00953129, 21711.5
8301, -9.26683e-06, -0.0112119, 21700.3
8307, 2.85484e-06, 0.000628487, 21677.6
8313, 3.66799e-06, 0.000595726, 21653.8
8309, -8.00087e-06, -0.00987747, 21670.3
8311, -8.6367e-06, -0.0105108, 21662.7
8310, 3.68134e-06, 0.000958851, 21666.4
8312, -7.70747e-06, -0.00960712, 21657.7
8306, -8.90177e-06, -0.0107929, 21681.6
8304, -9.58121e-06, -0.0116862, 21689
8308, 3.22156e-06, 0.000879189, 21672.7
8305, 3.70421e-06, 0.000847246, 21685.2
8314, 2.94847e-06, 0.00069533, 21651.3
8315, -9.256e-06, -0.0112011, 21647.7
8318, -7.02747e-06, -0.00906893, 21635
8321, -8.75688e-06, -0.0114454, 21623.8
8320, -9.35288e-06, -0.011756, 21628.9
8319, -8.29145e-06, -0.0101614, 21632.6
8317, 3.59308e-06, 0.000335796, 21638.8
8316, -7.68883e-06, -0.0107607, 21643.9
8323, -6.93051e-06, -0.00901608, 21616.2
8326, -7.08007e-06, -0.00910522, 21605
8325, 3.68253e-06, 0.000949111, 21608.8
8324, -7.7364e-06, -0.00963582, 21613.8
8327, -8.69149e-06, -0.0114073, 21601.2
8322, 3.67757e-06, 0.000634659, 21620
8329, 3.69058e-06, 0.000699648, 21594.9
8335, 3.55781e-06, 0.000223688, 21571.1
8331, -8.20849e-06, -0.0111058, 21586.3
8328, 3.5179e-06, 0.000112744, 21597.4
8334, -7.49198e-06, -0.0106301, 21574.9
8330, -9.51801e-06, -0.0118004, 21590
8337, 3.44997e-06, 0.000983719, 21563.6
8336, 3.70129e-06, 0.000873849, 21567.3
8333, -7.11052e-06, -0.0091276, 21579.8
8338, 3.42994e-06, 0.000976008, 21561.1
8332, 3.49817e-06, 5.67969e-05, 21582.5
8339, -9.57128e-06, -0.0117899, 21556.2
8340, -9.3986e-06, -0.0117762, 21552.4
8343, -8.42716e-06, -0.010302, 21541
8349, -9.56767e-06, -0.0117943, 21518.5
8341, -9.15686e-06, -0.0116708, 21548.7
8350, -9.51499e-06, -0.0115587, 21514.7
8342, -8.94474e-06, -0.0115574, 21544.9
8344, -8.43465e-06, -0.0103098, 21537.2
8347, -7.77725e-06, -0.00967812, 21525.9
8348, -9.3261e-06, -0.0117503, 21522.2
8345, -8.32736e-06, -0.0102023, 21533.4
8346, -8.10491e-06, -0.00998477, 21529.7
8351, -9.03116e-06, -0.0109447, 21510.9
8353, -9.43131e-06, -0.0117887, 21503.4
8356, -7.2683e-06, -0.00924908, 21492
8360, 3.68983e-06, 0.000687271, 21477
8352, -8.16271e-06, -0.0100419, 21507.1
8358, -7.88019e-06, -0.00977506, 21484.5
8355, -8.53812e-06, -0.0104173, 21495.8
8363, -8.51608e-06, -0.0113057, 21465.7
8359, 2.78812e-06, 0.000563567, 21480.7
8354, -9.48696e-06, -0.0115151, 21499.6
8362, 3.65679e-06, 0.000535724, 21469.4
8357, 3.29014e-06, 0.000903674, 21488.2
8361, -7.94082e-06, -0.0109355, 21473.2
8364, -9.4386e-06, -0.0114461, 21461.9
8370, 3.69324e-06, 0.000707, 21439.3
8371, 3.57498e-06, 0.000996586, 21436.7
8368, -9.58952e-06, -0.0117246, 21447
8365, 3.68777e-06, 0.000675447, 21458.2
8367, -7.14311e-06, -0.0103944, 21450.7
8369, -7.41472e-06, -0.00936883, 21443.1
8372, 3.16344e-06, 0.000824445, 21433
8374, 2.73942e-06, 0.000522038, 21425.5
8366, -8.68666e-06, -0.0114106, 21454.5
8375, -7.54605e-06, -0.0106726, 21421.8
8373, -7.74279e-06, -0.0108053, 21429.3
8377, -9.04515e-06, -0.0109652, 21414.3
8384, -9.5852e-06, -0.0117841, 21387.9
8378, 3.57619e-06, 0.000993902, 21410.4
8382, -9.3058e-06, -0.0112741, 21395.4
8376, -9.01992e-06, -0.0109366, 21418
8380, 3.66951e-06, 0.000582755, 21403
8379, -9.23134e-06, -0.0117135, 21406.7
8381, -9.55367e-06, -0.0116321, 21399.2
8386, -8.70626e-06, -0.0114256, 21380.4
8383, 3.65112e-06, 0.000965955, 21391.6
8387, -7.08366e-06, -0.00912648, 21376.5
8385, -7.36367e-06, -0.0105493, 21384.2
8388, -8.63772e-06, -0.0113844, 21372.8
8392, 2.80484e-06, 0.000567177, 21358.9
8389, -6.98634e-06, -0.00906845, 21368.9
8390, -8.52264e-06, -0.0104083, 21365.3
8395, -8.44867e-06, -0.010334, 21346.4
8393, -9.56046e-06, -0.0116476, 21354.1
8391, -7.10329e-06, -0.00914063, 21361.5
8396, 3.62883e-06, 0.000423327, 21343.8
8398, -9.36243e-06, -0.0117732, 21335.1
8394, 3.6823e-06, 0.000638452, 21350.2
8397, 3.64092e-06, 0.000967428, 21340.1
8399, 3.69411e-06, 0.0008806, 21331.2
8401, -9.56962e-06, -0.0118034, 21325.1
8404, -9.22568e-06, -0.0111798, 21312.5
8400, 3.50243e-06, 0.00097778, 21327.6
8406, -7.20534e-06, -0.00921608, 21306.1
8403, 2.71435e-06, 0.000494505, 21316.3
8402, 3.60512e-06, 0.000342886, 21321.2
8405, -8.09167e-06, -0.0110411, 21308.7
8407, -7.11073e-06, -0.00915048, 21302.4
8409, -6.83366e-06, -0.00901487, 21294.9
8408, -9.11742e-06, -0.0116618, 21297.4
8410, -8.78343e-06, -0.0106843, 21291.1
8411, 3.67458e-06, 0.000926417, 21287.2
8415, -9.45843e-06, -0.0118069, 21272.3
8413, 2.71238e-06, 0.000490404, 21279.7
8416, -7.6874e-06, -0.0107742, 21268.4
8417, -9.20869e-06, -0.0117091, 21264.8
8414, 3.55861e-06, 0.000980608, 21276
8412, 3.6591e-06, 0.000529887, 21283.6
8421, 3.69589e-06, 0.000721479, 21249.7
8422, -9.16499e-06, -0.0116883, 21247.1
8420, 2.70495e-06, 0.000482626, 21253.3
8423, -9.24026e-06, -0.0112006, 21243.4
8419, -9.26259e-06, -0.0117347, 21257.2
8418, -7.4534e-06, -0.0106155, 21260.9
8427, -9.49846e-06, -0.0115444, 21228.4
8424, -9.58433e-06, -0.0117103, 21239.6
8431, -9.1878e-06, -0.0117012, 21213.1
8430, -9.17062e-06, -0.0116925, 21217
8433, 3.62711e-06, 0.000960734, 21205.6
8432, -8.2523e-06, -0.0101459, 21209.4
8426, -8.12685e-06, -0.0110671, 21232.1
8429, -7.50027e-06, -0.00945505, 21220.7
8435, -9.07669e-06, -0.0116448, 21199.4
8425, 3.69973e-06, 0.000821445, 21235.7
8428, -9.5841e-06, -0.0117101, 21224.5
8434, 3.6838e-06, 0.000895836, 21203.1
8437, -7.33692e-06, -0.00932432, 21191.8
8436, -9.46744e-06, -0.0118126, 21195.6
8443, 3.37374e-06, 0.000918185, 21169
8442, -7.1606e-06, -0.00919504, 21172.9
8439, -6.83852e-06, -0.00902933, 21184.2
8440, 3.54032e-06, 0.00097043, 21180.4
8438, -6.86534e-06, -0.00903473, 21187.9
8441, -9.26459e-06, -0.0117393, 21176.7
8445, -9.55971e-06, -0.0116536, 21162.8
8446, 3.50463e-06, 0.000962541, 21159
8444, 3.66775e-06, 0.000921113, 21165.4
8447, -9.44554e-06, -0.0118092, 21154.1
8450, 3.59373e-06, 0.000965465, 21143.9
8448, 3.01079e-06, 0.000700422, 21150.3
8458, -9.5851e-06, -0.0118006, 21115.1
8449, -7.45033e-06, -0.00941858, 21147.7
8455, -8.95951e-06, -0.011584, 21125.1
8454, -9.58272e-06, -0.0117091, 21128.9
8453, 3.23954e-06, 0.000845491, 21132.5
8451, -9.53426e-06, -0.0116069, 21140.2
8456, 3.26278e-06, 0.000857456, 21121.3
8452, 3.69679e-06, 0.000828948, 21135.1
8457, -7.61575e-06, -0.0107314, 21117.5
8459, -7.29734e-06, -0.00929961, 21111.1
8461, 3.67548e-06, 0.000587748, 21102.4
8466, 3.6954e-06, 0.00071507, 21084.8
8463, -7.98828e-06, -0.0098989, 21096.1
8467, -7.3984e-06, -0.00938114, 21081.1
8465, -9.05151e-06, -0.0116362, 21088.6
8464, -8.37221e-06, -0.010271, 21092.3
8462, -7.70709e-06, -0.00964177, 21098.6
8460, -9.5288e-06, -0.0118244, 21106.2
8469, -9.25179e-06, -0.0112225, 21073.5
8468, -7.01344e-06, -0.00911063, 21077.2
8470, -8.65512e-06, -0.0114078, 21069.8
8471, 3.67265e-06, 0.000572635, 21066
8475, -7.27496e-06, -0.00928726, 21052.1
8474, 3.57131e-06, 0.00095851, 21055.8
8480, -8.8645e-06, -0.0115339, 21033.3
8481, -9.37689e-06, -0.0117928, 21030.8
8483, -9.50334e-06, -0.0115608, 21023.1
8476, -8.94352e-06, -0.0108698, 21048.4
8472, 3.58074e-06, 0.000241618, 21063.4
8482, -8.82205e-06, -0.010739, 21026.9
8473, -6.88575e-06, -0.0102272, 21059.6
8477, -7.40642e-06, -0.00939015, 21044.5
8478, -8.88176e-06, -0.0108027, 21040.7
8479, -9.59413e-06, -0.0117796, 21037
8485, -9.06325e-06, -0.0116458, 21015.6
8486, 3.12463e-06, 0.000765136, 21011.8
8487, -6.85881e-06, -0.00905484, 21008
8490, 3.6856e-06, 0.000637458, 20996.7
8488, -7.03361e-06, -0.00912886, 21004.2
8493, -8.27359e-06, -0.0111721, 20986.6
8494, -8.6456e-06, -0.0114057, 20982.8
8484, -9.53001e-06, -0.0118287, 21019.4
8489, 3.41425e-06, 0.00091972, 21001.7
8491, -7.94775e-06, -0.0109589, 20994.1
8492, -8.03138e-06, -0.0110143, 20990.4
8495, -9.08116e-06, -0.011657, 20979.1
8499, -9.30537e-06, -0.0112935, 20963.9
8504, 3.15114e-06, 0.000776432, 20946.2
8498, -8.4669e-06, -0.0112957, 20969
8497, -7.44707e-06, -0.0106217, 20972.8
8502, -8.994e-06, -0.0116108, 20953.9
8507, 3.6889e-06, 0.000657175, 20934.9
8500, -8.40495e-06, -0.0103109, 20960.1
8501, -7.43828e-06, -0.0106162, 20957.7
8503, -7.418e-06, -0.00940632, 20950
8496, -6.53993e-06, -0.00998189, 20976.5
8505, -9.53734e-06, -0.0116204, 20943.9
8506, -8.23647e-06, -0.0101456, 20940
8515, 3.68865e-06, 0.000654898, 20907.2
8510, -9.32354e-06, -0.0117767, 20924.9
8517, 3.32392e-06, 0.000870411, 20899.6
8508, -7.99072e-06, -0.0109898, 20931.2
8509, -9.59495e-06, -0.0117675, 20927.4
8513, 3.57101e-06, 0.00019713, 20913.5
8511, -8.80268e-06, -0.0107237, 20921.1
8512, -6.8588e-06, -0.00906608, 20917.2
8514, -9.34111e-06, -0.0117846, 20909.7
8518, -9.40626e-06, -0.0114269, 20896
8516, -9.07264e-06, -0.0110212, 20902.1
8519, -7.14958e-06, -0.0104186, 20892.1
8523, 3.35161e-06, 0.000881622, 20878.2
8520, -7.0148e-06, -0.00912953, 20888.3
8526, -7.50473e-06, -0.00948319, 20866.8
8522, -9.37275e-06, -0.0113832, 20880.8
8527, -9.59537e-06, -0.0117867, 20863.2
8525, -8.99272e-06, -0.0116137, 20870.7
8529, 3.51406e-06, 0.000934327, 20856.8
8524, 3.40663e-06, 0.000904968, 20874.4
8530, -9.5083e-06, -0.011836, 20853.1
8521, -6.85541e-06, -0.0102114, 20884.6
8531, 2.88243e-06, 0.000585072, 20849.2
8528, 2.99988e-06, 0.000669261, 20859.3
8534, -8.27884e-06, -0.0111814, 20838
8537, -9.57175e-06, -0.011829, 20826.7
8535, -7.38068e-06, -0.00938507, 20835.4
8536, -8.49022e-06, -0.011316, 20831.7
8540, -9.56769e-06, -0.0118317, 20816.5
8538, 3.67e-06, 0.000873433, 20824
8533, -6.48115e-06, -0.00994307, 20841.8
8539, -6.86054e-06, -0.00907897, 20820.3
8542, -7.19233e-06, -0.0104513, 20809
8541, -8.66749e-06, -0.0114263, 20812.7
8543, -7.10908e-06, -0.00919208, 20806.3
8532, -9.22135e-06, -0.0117342, 20845.5
8546, -8.52782e-06, -0.0104441, 20793.8
8545, -9.10691e-06, -0.0116786, 20798.9
8550, -7.21683e-06, -0.0104694, 20780
8544, -7.80778e-06, -0.00975082, 20802.6
8552, -6.80435e-06, -0.00908807, 20773.6
8547, -7.66366e-06, -0.0107762, 20791.3
8548, -9.43638e-06, -0.011473, 20787.5
8549, -7.42488e-06, -0.0106134, 20783.6
8551, 3.15384e-06, 0.000763482, 20776.1
8553, 2.97788e-06, 0.000646737, 20769.7
8554, 3.28227e-06, 0.000836675, 20766
8555, -8.11984e-06, -0.0100433, 20762.2
8556, -7.59017e-06, -0.00956271, 20758.5
8557, -9.59634e-06, -0.0117842, 20755.9
8559, -8.67585e-06, -0.010599, 20748.3
8562, 3.69021e-06, 0.000793842, 20736.9
8561, -9.23582e-06, -0.0112191, 20740.8
8566, -9.19894e-06, -0.011176, 20723.2
8558, -7.02258e-06, -0.00914692, 20752.1
8560, -7.67985e-06, -0.009641, 20744.6
8564, 2.94685e-06, 0.000621648, 20730.6
8563, 3.69017e-06, 0.00079008, 20734.5
8565, 3.68776e-06, 0.000647496, 20726.9
8567, -9.59538e-06, -0.0117705, 20719.3
8573, -9.58736e-06, -0.0118222, 20697.9
8574, 3.65407e-06, 0.000878348, 20694.1
8572, -7.06141e-06, -0.0103633, 20701.6
8569, -9.55818e-06, -0.0118406, 20713.1
8570, -8.4172e-06, -0.0103372, 20709.3
8577, -9.5945e-06, -0.0117655, 20684.1
8576, -6.72141e-06, -0.0101218, 20687.8
8575, 3.65494e-06, 0.000877489, 20690.3
8579, 3.56151e-06, 0.000145552, 20676.4
8578, -9.52672e-06, -0.0116134, 20680.2
8571, -7.60491e-06, -0.0107395, 20705.5
8568, -8.26867e-06, -0.0101899, 20715.6
8583, -6.93995e-06, -0.00911872, 20662.4
8581, -9.32266e-06, -0.0117881, 20670.1
8584, -9.49538e-06, -0.0115644, 20658.8
8585, -7.53487e-06, -0.0095232, 20656.2
8586, -6.69023e-06, -0.0101004, 20652.5
8589, -9.59198e-06, -0.0117552, 20641.1
8587, 3.59824e-06, 0.000259144, 20647.4
8582, -7.5431e-06, -0.00952938, 20666.3
8580, -8.70976e-06, -0.0114577, 20674
8590, -8.30091e-06, -0.0112038, 20637.3
8588, 3.68522e-06, 0.000801694, 20644.8
8591, -7.48017e-06, -0.00947974, 20633.5
8598, -8.31491e-06, -0.0102414, 20609.5
8597, -9.33582e-06, -0.0117963, 20612
8596, 3.56702e-06, 0.000156882, 20615.9
8595, -9.108e-06, -0.0110754, 20619.6
8592, -7.8781e-06, -0.0109266, 20629.8
8601, -7.45288e-06, -0.00946024, 20598.2
8602, -7.23377e-06, -0.00929379, 20595.6
8593, -7.28432e-06, -0.0105217, 20627.2
8594, 3.68692e-06, 0.000638739, 20623.3
8600, -6.68343e-06, -0.0100971, 20601.9
8599, -9.12939e-06, -0.0111006, 20605.7
8603, 3.68942e-06, 0.000758132, 20591.9
8606, -8.13348e-06, -0.0100672, 20580.5
8609, -9.59712e-06, -0.0117856, 20570.3
8612, 3.06025e-06, 0.000684668, 20558.9
8604, -9.31708e-06, -0.0117896, 20588
8613, -9.21849e-06, -0.0117459, 20556.5
8610, -6.84467e-06, -0.010214, 20566.5
8611, -6.82349e-06, -0.010199, 20562.8
8607, -8.61429e-06, -0.0105445, 20576.7
8614, 3.55753e-06, 0.000121537, 20552.7
8608, 3.68359e-06, 0.000614162, 20574.2
8605, 3.68603e-06, 0.000784469, 20584.2
8615, -6.80635e-06, -0.00912639, 20548.9
8618, -7.8333e-06, -0.0109001, 20538.9
8621, -7.78466e-06, -0.0097479, 20527.3
8622, -8.03795e-06, -0.011037, 20524.9
8619, -7.34674e-06, -0.00938168, 20534.9
8626, -7.68937e-06, -0.00966502, 20510.9
8616, 3.41375e-06, 0.000875627, 20545.1
8624, -8.25892e-06, -0.0111817, 20517.3
8623, 3.55808e-06, 0.000119962, 20521
8625, -6.71026e-06, -0.0101192, 20513.5
8620, -6.82166e-06, -0.00912293, 20531.1
8627, -8.5484e-06, -0.0104808, 20507.2
8617, -9.57686e-06, -0.0118414, 20542.7
8628, -9.42969e-06, -0.0114768, 20502.2
8629, -7.29711e-06, -0.00934737, 20499.5
8631, -8.75527e-06, -0.0114929, 20492.1
8633, -9.13639e-06, -0.0111147, 20485.7
8632, -8.47964e-06, -0.0113236, 20488.3
8637, -9.33124e-06, -0.0113492, 20471.8
8630, -7.70016e-06, -0.00967548, 20495.8
8636, -7.68481e-06, -0.0108024, 20474.4
8638, -8.99344e-06, -0.0109542, 20468
8639, -8.44503e-06, -0.0103788, 20464.2
8635, -9.0682e-06, -0.0110373, 20478.1
8634, -9.15323e-06, -0.0111343, 20481.9
8641, 3.5791e-06, 0.000891769, 20457.9
8646, -9.58889e-06, -0.0118356, 20440.2
8644, -8.59305e-06, -0.0113961, 20446.6
8640, -9.07058e-06, -0.0116745, 20460.4
8642, 3.66394e-06, 0.000496153, 20454.1
8645, -8.63826e-06, -0.011424, 20444
8648, -7.35196e-06, -0.00939377, 20432.5
8643, -6.9675e-06, -0.0103052, 20450.4
8647, -8.89931e-06, -0.0108527, 20436.4
8650, -8.37919e-06, -0.0112625, 20426.4
8649, -7.73336e-06, -0.010837, 20428.8
8651, -9.57426e-06, -0.0117137, 20422.6
8655, -8.19415e-06, -0.011144, 20408.6
8656, 3.62218e-06, 0.000321967, 20404.8
8660, 3.60267e-06, 0.000251592, 20390.8
8652, -7.92652e-06, -0.00988336, 20418.7
8653, -7.46638e-06, -0.0106552, 20414.9
8654, 3.6717e-06, 0.000806367, 20412.3
8661, -7.85953e-06, -0.00982441, 20387.1
8657, -9.28543e-06, -0.0117844, 20401.1
8659, -9.51405e-06, -0.0116052, 20394.7
8658, -8.29393e-06, -0.0102331, 20397.2
8662, 3.68215e-06, 0.000605088, 20383.3
8663, 3.29976e-06, 0.000809755, 20380.7
8670, -9.24219e-06, -0.0117665, 20355.6
8664, -9.16141e-06, -0.011149, 20376.9
8667, 3.68223e-06, 0.000755908, 20365.6
8672, 3.68528e-06, 0.000636639, 20349.1
8668, -7.54772e-06, -0.010713, 20363
8673, -7.14236e-06, -0.00925501, 20345.4
8671, 3.51297e-06, 0.00088141, 20352.8
8665, 3.43753e-06, 0.000866663, 20373.1
8669, -8.49477e-06, -0.0104347, 20359.2
8674, -8.52995e-06, -0.0113613, 20341.6
8666, -8.73842e-06, -0.0106848, 20369.4
8675, -7.31547e-06, -0.0105534, 20339.1
8678, -9.45241e-06, -0.0118508, 20327.7
8676, -9.00696e-06, -0.010976, 20333.9
8679, -9.5034e-06, -0.0115916, 20323.9
8681, 3.60179e-06, 0.00024281, 20317.5
8683, -6.93146e-06, -0.00915815, 20309.9
8682, 3.66747e-06, 0.000508047, 20315
8680, 3.65412e-06, 0.000443442, 20320.1
8684, -9.599e-06, -0.0118028, 20306.1
8677, -6.88094e-06, -0.0091473, 20331.4
8686, -7.81654e-06, -0.00979148, 20299.8
8685, -9.279e-06, -0.011786, 20302.4
8687, -9.2474e-06, -0.0117717, 20296
8688, -8.73811e-06, -0.0114912, 20292.3
8694, -6.4187e-06, -0.00991301, 20272
8693, 3.54737e-06, 6.4002e-05, 20275.7
8690, 3.68033e-06, 0.000747951, 20285.9
8691, -9.09396e-06, -0.011695, 20282.1
8689, 3.67789e-06, 0.00057023, 20289.6
8697, -9.24259e-06, -0.011771, 20261.9
8695, -9.5039e-06, -0.0115949, 20268.2
8692, 3.67311e-06, 0.000538596, 20278.2
8698, -6.6276e-06, -0.0100669, 20258
8699, -7.74352e-06, -0.0108504, 20254.3
8696, -8.7632e-06, -0.0115074, 20265.6
8701, -7.20741e-06, -0.00930577, 20247.9
8703, 3.68465e-06, 0.000684135, 20240.3
8700, -8.04351e-06, -0.0100023, 20251.6
8705, -9.47482e-06, -0.011861, 20234.1
8702, -8.64087e-06, -0.0105901, 20244.1
8710, -9.43849e-06, -0.0118522, 20217.6
8707, -7.55232e-06, -0.00956885, 20226.4
8709, -7.28588e-06, -0.010537, 20220.1
8708, -8.35189e-06, -0.0103002, 20222.5
8706, -9.1638e-06, -0.0111591, 20231.5
8704, -8.03104e-06, -0.0110437, 20237.8
8711, -8.54084e-06, -0.0104896, 20212.5
8716, 3.54111e-06, 0.000864899, 20196
8715, -9.47202e-06, -0.011862, 20199.8
8719, 3.30142e-06, 0.000791379, 20185.9
8712, -8.87939e-06, -0.0108432, 20208.6
8718, -8.88313e-06, -0.0108482, 20189.7
8717, -8.25978e-06, -0.0111953, 20192.3
8714, -9.49094e-06, -0.0118657, 20203.7
8720, -8.18313e-06, -0.0111459, 20182
8713, -6.56934e-06, -0.0100258, 20207.4
8721, -8.77192e-06, -0.0107303, 20178.3
8722, 3.59939e-06, 0.000851854, 20175.6
8723, -8.59923e-06, -0.0105513, 20171.9
8730, -9.51357e-06, -0.0116153, 20147.9
8726, -9.58568e-06, -0.0117513, 20161.8
8725, -6.56731e-06, -0.0100255, 20164.3
8727, -9.42462e-06, -0.0114858, 20158.1
8729, 3.68207e-06, 0.000621679, 20151.6
8728, -8.07604e-06, -0.0100389, 20154.1
8724, 3.67723e-06, 0.000736521, 20168.1
8733, -7.42872e-06, -0.0106391, 20137.8
8734, -7.77667e-06, -0.00976734, 20134
8732, -7.8758e-06, -0.00985522, 20141.5
8731, 3.59576e-06, 0.000848343, 20144.1
8735, -7.92774e-06, -0.0109791, 20130.1
8736, 3.65747e-06, 0.000789676, 20127.5
8745, 3.62819e-06, 0.000322383, 20095.9
8737, -9.25218e-06, -0.0112688, 20123.9
8746, -7.51136e-06, -0.00954547, 20092.1
8738, -9.43257e-06, -0.0118551, 20120.1
8739, -8.02179e-06, -0.00999063, 20116.1
8742, 3.58657e-06, 0.000846701, 20106.1
8743, -8.9462e-06, -0.0116215, 20102.3
8744, 3.55321e-06, 0.000852685, 20098.4
8747, -6.66145e-06, -0.0100964, 20088.3
8740, -8.44837e-06, -0.0113195, 20112.4
8741, 3.62044e-06, 0.000294031, 20109.9
8749, -9.29337e-06, -0.0118028, 20082
8748, -8.25116e-06, -0.0102101, 20085.7
8755, -9.57253e-06, -0.0118703, 20061.7
8752, 3.62052e-06, 0.000824897, 20071.9
8750, -7.86681e-06, -0.0098514, 20078.2
8754, -8.37637e-06, -0.0103336, 20065.5
8753, -9.59868e-06, -0.0117997, 20068
8756, -7.6428e-06, -0.0107892, 20057.9
8751, -8.04958e-06, -0.0110622, 20075.7
8758, -8.66121e-06, -0.0106218, 20051.6
8757, -7.09526e-06, -0.00925569, 20055.3
8759, -7.17118e-06, -0.00930068, 20047.7
8763, -9.44989e-06, -0.0118644, 20035.1
8762, -6.39992e-06, -0.00990521, 20037.6
8760, -8.01307e-06, -0.00998717, 20045.3
8766, -9.33174e-06, -0.0118222, 20023.7
8764, -8.46697e-06, -0.0113346, 20031.3
8765, -9.60072e-06, -0.0118167, 20027.5
8761, -8.25316e-06, -0.0111971, 20041.4
8769, -9.16526e-06, -0.0111718, 20013.6
8770, -9.38094e-06, -0.0114349, 20009.8
8768, -8.77086e-06, -0.010738, 20017.4
8771, -7.96983e-06, -0.0110119, 20007.2
8767, -8.70972e-06, -0.0114857, 20019.9
8779, -0.000247212, -1.23587, 19999.2
8775, -0.00015851, -0.360669, 19999.3
8774, -0.000121957, -0.13019, 19999.3
8777, -0.000445912, -0.776745, 19999.5
8782, -8.96331e-05, -1.90952, 19999.6
8772, -6.90677e-06, -0.00919601, 20003.4
8776, -0.000415197, -0.622579, 19999.6
8780, -0.00122243, -1.42096, 19999.4
8773, -1.93161e-05, -0.0269841, 20000
8778, -0.000695493, -1.04166, 19999.9
8781, -9.06088e-05, -1.65019, 19999.3
8783, -0.00140042, -2.09124, 19999.8
8786, -0.00231114, -2.69396, 19999.1
8785, -0.00240642, -2.56117, 19999.5
8784, -0.000285392, -2.28082, 19999
8788, -0.0018149, -3.21295, 19999.6
8793, -0.00368128, -4.35847, 19999.7
8787, -0.00231547, -2.94669, 19999.2
8791, -0.000412382, -3.85611, 19999.6
8790, -0.00129045, -3.59344, 19999.3
8792, -0.00403418, -4.11272, 19999.7
8789, -0.00162078, -3.46277, 19999.7
8795, -0.000511214, -4.66531, 19999.7
8794, -0.00336088, -4.484, 19999.3
8796, -0.00400555, -4.93285, 20000
8797, -0.000747903, -5.11421, 19999.1
8798, -0.00519072, -5.36622, 19999.1
8800, -0.00563137, -5.80929, 19999.7
8805, -0.00234115, -6.84948, 19999.7
8802, -0.00387587, -6.17306, 19999.2
8799, -0.000914886, -5.55881, 19999.7
8804, -0.00381493, -6.61161, 19999.8
8801, -0.00462768, -6.04928, 19999.7
8806, -0.000690571, -7.08677, 19999.7
8807, -0.000547213, -7.30253, 19999.4
8803, -0.00261783, -6.41217, 19999.2
8811, -0.00211757, -8.12382, 19999.5
8809, -0.000705754, -7.7227, 19999.6
8815, -0.00504752, -9.02492, 19999.9
8813, -0.0039101, -8.52064, 19999.5
8814, -0.00133383, -8.75459, 19999.4
8808, -0.00269243, -7.48677, 19999.7
8816, -0.00217726, -9.25797, 19999.8
8812, -0.00167326, -8.33818, 19999.2
8810, -0.00428919, -7.88875, 19999.6
8819, -0.00640346, -9.92522, 20000
8818, -0.00485697, -9.63734, 19999.3
8817, -0.00922417, -9.39244, 19999.2
8823, -0.00132492, -10.6707, 19999.3
8820, -0.00419621, -10.0473, 19999.5
8821, -0.00760334, -10.3175, 19999.9
8827, -0.00983597, -11.5861, 19999.7
8828, -0.00243378, -11.7381, 19999.6
8822, -0.00386535, -10.5486, 19999.8
8826, -0.00291365, -11.3467, 19999.8
8830, -0.00501032, -12.2047, 19999.4
8829, -0.00776261, -11.9917, 19999.8
8825, -0.00667783, -11.1184, 19999.8
8824, -0.00248504, -10.9562, 19999.9
8831, -0.00931805, -12.3658, 19999.3
8832, -0.00215438, -12.6093, 19999.5
8836, -0.00587438, -13.4387, 19999.8
8837, -0.00453861, -13.6381, 19999.3
8834, -0.0128109, -13.1114, 19999.7
8840, -0.00260464, -14.3045, 19999.7
8838, -0.00974151, -13.8864, 19999.3
8833, -0.00741719, -12.8588, 19999.5
8841, -0.00768106, -14.552, 19999.7
8842, -0.0128614, -14.8032, 19999.9
8835, -0.0015817, -13.2785, 20000
8839, -0.0115895, -14.0624, 19999.5
8843, -0.00224953, -14.9528, 19999.8
8848, -0.0101497, -16.0097, 20000
8852, -0.000805603, -16.8694, 19999.8
8854, -0.00921986, -17.2771, 19999.8
8847, -0.0110592, -15.8243, 19999.6
8844, -0.0122816, -15.1736, 19999.3
8853, -0.011243, -17.0017, 19999.3
8846, -0.00614177, -15.5737, 19999.4
8845, -0.0019726, -15.415, 19999.5
8849, -0.00715794, -16.209, 19999.4
8850, -0.00565148, -16.4854, 19999.9
8851, -0.0160413, -16.6176, 19999.5
8855, -0.00272475, -17.4871, 19999.4
8860, -0.00805231, -18.5271, 19999.4
8859, -0.0155367, -18.3171, 19999.8
8862, -0.014698, -18.9336, 19999.4
8863, -0.0157651, -19.1928, 19999.7
8864, -0.0194403, -19.4419, 19999.9
8856, -0.000191234, -17.7619, 19999.9
8865, -0.00334436, -19.5892, 19999.8
8857, -0.00758524, -17.9103, 19999.8
8858, -0.0113933, -18.0677, 19999.6
8866, -0.0105457, -19.8245, 19999.7
8861, -0.00833415, -18.7002, 19999.6
8867, -0.0165045, -20.0573, 19999.5
8869, -0.0201904, -20.4786, 19999.9
8868, -0.0170681, -20.2298, 19999.8
8873, -0.0150492, -21.2654, 19999.7
8875, -0.00285438, -21.6473, 19999.5
8871, -0.00953573, -20.8608, 19999.7
8872, -0.0124727, -21.0167, 19999.6
8870, -0.00677777, -20.612, 19999.6
8878, -0.0170248, -22.364, 19999.6
8879, -0.0130075, -22.4591, 19999.8
8876, -0.00490044, -21.8959, 19999.7
8877, -0.0151691, -22.1154, 19999.4
8874, -0.0175035, -21.5141, 19999.9
8880, -0.0146063, -22.7076, 20000
8881, -0.0190823, -22.939, 19999.7
8883, -0.000581318, -23.3377, 20000
8885, -0.0141488, -23.7885, 19999.3
8882, -0.00597129, -23.1495, 19999.4
8889, -0.019431, -24.5994, 19999.6
8887, -0.0130479, -24.209, 19999.8
8886, -0.0126494, -23.9606, 19999.6
8888, -0.0100851, -24.3796, 19999.9
8884, -0.00114034, -23.578, 19999.8
8890, -0.0193458, -24.8477, 19999.8
8891, -0.00523214, -24.9734, 19999.3
8893, -0.0226514, -25.41, 19999.8
8897, -0.0125829, -26.2507, 19999.3
8895, -0.00682626, -25.7843, 19999.6
8900, -0.015463, -26.8914, 19999.4
8898, -0.00937064, -26.4228, 19999.6
8899, -0.00744356, -26.6712, 19999.8
8896, -0.00890611, -26.0145, 19999.3
8902, -0.00391746, -27.318, 19999.9
8894, -0.00959075, -25.6122, 19999.3
8901, -0.0104019, -27.0612, 19999.6
8892, -0.0250335, -25.2379, 19999.6
8903, -0.0154167, -27.5297, 19999.4
8905, -0.00544793, -27.8713, 19999.9
8907, -0.00893071, -28.34, 19999.7
8910, -0.0162055, -28.9611, 19999.5
8909, -0.0148453, -28.7242, 19999.5
8906, -0.016642, -28.0833, 19999.4
8912, -0.00589933, -29.3817, 20000
8904, -0.0112317, -27.7018, 19999.7
8911, -0.0108209, -29.1333, 19999.8
8908, -0.00492609, -28.5883, 19999.9
8914, -0.00434433, -29.7714, 19999.8
8915, -0.0142878, -29.984, 19999.3
8913, -0.00387228, -29.5343, 19999.8
8920, -0.00330217, -30.9511, 19999.7
8917, -0.00172855, -30.4047, 19999.8
8922, -0.000275744, -31.4207, 19999.6
8919, -0.0103974, -30.7788, 19999.5
8924, -0.0224622, -31.8393, 19999.9
8918, -0.00679496, -30.6255, 19999.5
8923, -0.0223747, -31.5976, 19999.8
8921, -0.0272017, -31.2081, 19999.9
8926, -0.0226517, -32.2251, 19999.8
8916, -0.00796178, -30.1562, 19999.6
8927, -0.00727736, -32.4773, 20000
8925, -0.0308944, -32.0527, 19999.5
8933, -0.0238913, -33.6682, 20000
8930, -0.00931489, -33.0981, 19999.9
8938, -0.0246251, -34.6673, 19999.6
8928, -0.0280891, -32.6768, 19999.4
8932, -0.000147286, -33.4875, 19999.7
8934, -0.01032, -33.8608, 19999.4
8935, -2.69015e-05, -34.0334, 19999.7
8936, -0.0156262, -34.293, 19999.9
8931, -0.0173056, -33.2357, 19999.5
8929, -0.0191751, -32.8493, 19999.7
8937, -0.0229626, -34.4309, 19999.5
8939, -0.0069687, -34.9235, 20000
8941, -0.00763284, -35.3006, 19999.7
8940, -0.0122639, -35.138, 19999.6
8945, -0.0215678, -36.1008, 19999.8
8947, -0.0197172, -36.5607, 19999.7
8943, -0.00029808, -35.688, 19999.6
8944, -0.0217399, -35.9451, 19999.8
8948, -0.00630675, -36.7336, 19999.9
8950, -0.0030232, -37.112, 19999.7
8949, -0.0169352, -36.9391, 19999.4
8942, -0.0293978, -35.5577, 19999.9
8946, -0.0203716, -36.3227, 19999.5
8951, -0.0234444, -37.3692, 19999.9
8953, -0.0112461, -37.7574, 19999.8
8961, -0.00776935, -39.3991, 19999.7
8958, -0.0373269, -38.6867, 19999.5
8960, -0.0123909, -39.1586, 19999.5
8957, -0.00682808, -38.5152, 19999.4
8954, -0.00393838, -37.9208, 20000
8959, -0.0176932, -38.9362, 19999.8
8956, -0.0284094, -38.3171, 19999.9
8962, -0.0315961, -39.4967, 19999.9
8955, -0.005595, -38.1363, 19999.6
8952, -0.028736, -37.5082, 19999.6
8963, -0.0077509, -39.6962, 19999.4
8965, -0.0190215, -40.1761, 19999.4
8967, -0.0025144, -40.5818, 19999.8
8969, -0.0221367, -40.979, 19999.7
8968, -0.0050519, -40.7217, 19999.4
8973, -0.00165863, -41.7424, 19999.4
8974, -0.0288264, -41.9988, 19999.7
8966, -0.0173075, -40.3411, 19999.7
8972, -0.0052496, -41.5258, 19999.8
8971, -0.0251627, -41.3523, 19999.4
8970, -0.024376, -41.119, 19999.4
8964, -0.02013, -39.96, 19999.8
8975, -0.022635, -42.1575, 19999.8
8979, -0.0175761, -43.0215, 19999.7
8980, -0.00389352, -43.1866, 19999.9
8981, -0.0155319, -43.3976, 19999.5
8977, -0.0391965, -42.5551, 19999.8
8983, -0.0291971, -43.7955, 19999.5
8978, -0.00281609, -42.7643, 19999.5
8984, -0.0144909, -43.9609, 19999.7
8986, -0.000896792, -44.3465, 19999.7
8985, -0.001975, -44.2056, 19999.9
8987, -0.0321915, -44.5986, 19999.9
8982, -0.036037, -43.5786, 19999.9
8976, -0.0237489, -42.2979, 19999.5
8989, -0.00735534, -44.9816, 19999.8
8991, -0.0360436, -45.3753, 19999.8
8988, -0.0398843, -44.7315, 19999.5
8998, -0.000894525, -46.7856, 19999.9
8990, -0.0054203, -45.1226, 19999.5
8994, -0.000860501, -45.9286, 20000
8992, -0.0383393, -45.5942, 19999.5
8995, -0.00882294, -46.1424, 19999.6
8993, -0.0277357, -45.7546, 19999.6
8999, -0.0075954, -47.0002, 19999.6
8997, -0.0250745, -46.5331, 19999.5
8996, -0.036739, -46.3724, 19999.4
