7802, 2.23055e-06, 0.000856835, 41156.3
7803, -2.27936e-06, -0.00344816, 41152.1
7800, 2.55915e-06, 0.00111646, 41166
7806, -9.50864e-06, -0.0110367, 41137.3
7804, -9.49587e-06, -0.0110477, 41147
7809, -7.16128e-07, -0.00190069, 41123
7805, -2.36567e-06, -0.00353475, 41142.4
7810, -8.95311e-06, -0.0101962, 41118.8
7808, -9.51101e-06, -0.0109619, 41127.6
7801, -1.5739e-06, -0.00274538, 41161.8
7807, -1.82472e-06, -0.00299522, 41132.7
7811, -9.46511e-06, -0.0102094, 41113.2
7813, -9.49908e-06, -0.011047, 41103.9
7812, -8.26193e-06, -0.0094441, 41109
7816, 1.49376e-06, 0.000207001, 41089.5
7815, -9.28309e-06, -0.0105956, 41094.1
7822, -8.20716e-06, -0.0103994, 41060.4
7818, 2.86219e-06, 0.00130117, 41079.7
7817, 2.76268e-06, 0.000567607, 41085
7819, 1.52981e-06, 0.000239541, 41075.4
7823, 2.65957e-06, 0.000347039, 41056
7814, -1.06087e-06, -0.00223995, 41099.2
7820, 2.87717e-06, 0.000820086, 41070
7821, 2.96792e-06, 0.00131644, 41065.7
7824, -9.44467e-06, -0.010827, 41051.6
7832, 2.98364e-06, 0.00131067, 41012.6
7825, -9.11771e-06, -0.0109377, 41046.4
7828, 2.67282e-06, 0.00119412, 41031.9
7833, -9.22069e-06, -0.0109881, 41008.2
7827, -8.98574e-06, -0.0102358, 41036.6
7831, 2.89215e-06, 0.000849693, 41017.9
7834, -3.26136e-07, -0.00152288, 41003.5
7830, 2.63441e-06, 0.000291327, 41022.2
7826, -1.80044e-06, -0.00297339, 41041.7
7835, -3.01213e-06, -0.00418785, 40998.3
7829, 1.73985e-06, 0.000428101, 41027.6
7839, -8.68164e-06, -0.0106961, 40978.8
7837, 2.94107e-06, 0.00132151, 40988.5
7838, -9.25155e-06, -0.0110024, 40984.1
7840, -8.34094e-06, -0.0104868, 40974.5
7841, -2.11231e-06, -0.00328594, 40969.9
7844, 3.01354e-06, 0.00124408, 40954.8
7843, 2.97842e-06, 0.00106948, 40960.1
7845, -9.51824e-06, -0.0110142, 40950.4
7836, 2.99131e-06, 0.00111793, 40993.8
7846, 2.3472e-06, 0.00094803, 40945.7
7842, -8.25408e-06, -0.00943953, 40964.6
7847, 2.05252e-06, 0.000701116, 40940.4
7848, 2.12265e-06, 0.000761104, 40936.1
7852, -9.34961e-06, -0.00959649, 40916.4
7856, -7.47161e-06, -0.00992203, 40897.6
7855, -8.96622e-07, -0.00208339, 40902.1
7854, -8.04113e-06, -0.0102974, 40906.7
7850, -8.71141e-06, -0.0107154, 40926.4
7851, -8.58528e-06, -0.00874819, 40921.6
7857, -7.87825e-06, -0.0101918, 40892.3
7853, -7.85573e-06, -0.0101764, 40912
7858, -8.49198e-06, -0.0105836, 40888
7849, -8.55846e-06, -0.0106231, 40930.7
7859, -9.67953e-06, -0.0102396, 40883.3
7862, -9.35387e-06, -0.0110447, 40868.3
7860, 1.52246e-06, 0.000228058, 40878
7865, -9.45097e-06, -0.0108425, 40853.9
7867, 2.87287e-06, 0.000786316, 40843.9
7869, -5.9237e-07, -0.00178687, 40835
7868, -8.23412e-06, -0.00942184, 40839.4
7861, -8.94262e-06, -0.01085, 40873.6
7863, 2.52073e-06, 0.00108232, 40863.6
7866, 3.01881e-06, 0.00124731, 40849.2
7870, -8.39092e-06, -0.0105226, 40829.6
7864, -9.47185e-06, -0.011064, 40859.2
7871, -9.34424e-06, -0.0110428, 40825.3
7874, -8.44563e-06, -0.00964548, 40810.7
7873, 2.9877e-06, 0.00107754, 40815.2
7878, 3.0117e-06, 0.0011617, 40790.9
7880, -9.70263e-06, -0.0100891, 40781.9
7872, 2.81376e-06, 0.0012769, 40820.5
7879, 2.55821e-06, 0.000110219, 40786.6
7875, -3.01968e-07, -0.00150439, 40805.3
7877, -9.51842e-06, -0.0110057, 40796.5
7876, -8.83265e-06, -0.0107901, 40800.9
7882, -9.24083e-06, -0.0105494, 40772.1
7883, -1.54268e-06, -0.00272453, 40766.7
7881, 2.78017e-06, 0.00125791, 40776.6
7885, 2.73286e-06, 0.00122912, 40757.5
7884, -8.77255e-06, -0.0107564, 40762.2
7886, 2.83864e-06, 0.000699797, 40752.2
7889, 2.80235e-06, 0.000618829, 40737.9
7891, -9.41285e-06, -0.0110643, 40728.9
7890, 3.85813e-06, 0.00380137, 40732.8
7888, 2.69255e-06, 0.00120286, 40743.2
7894, -9.41116e-06, -0.0107828, 40713.6
7893, -8.29986e-06, -0.0104687, 40718.9
7895, 2.65718e-06, 0.000308567, 40708.9
7887, -8.5669e-06, -0.0106338, 40747.9
7892, -8.42821e-06, -0.00962915, 40723.4
7900, -7.95524e-06, -0.0102485, 40684.6
7902, -8.42131e-06, -0.00962304, 40675.4
7901, 2.76356e-06, 0.00124697, 40679.9
7899, 2.97999e-06, 0.00132437, 40689.9
7904, -8.63141e-06, -0.00984905, 40665.5
7896, -9.31909e-06, -0.0110376, 40704.6
7897, 2.96114e-06, 0.000985557, 40698.9
7906, -8.6148e-06, -0.00983125, 40655.5
7903, 2.5379e-06, 0.00109157, 40669.9
7907, 2.24307e-06, 0.000856197, 40651
7898, -8.65812e-06, -0.0106906, 40694.6
7905, 2.10122e-06, 0.000736562, 40660.9
7909, 2.57881e-06, 0.0011214, 40641
7913, 3.01153e-06, 0.00130943, 40622
7916, 1.78551e-06, 0.000458864, 40607.4
7914, -9.70502e-06, -0.0102306, 40616.4
7917, -7.35608e-06, -0.00985368, 40602.1
7915, 2.93144e-06, 0.000899602, 40612
7912, -1.78755e-06, -0.00297126, 40626.4
7910, -8.27587e-06, -0.00947064, 40636.5
7908, -8.72778e-06, -0.00995503, 40646.5
7911, 2.71235e-06, 0.0012142, 40632
7918, 2.93914e-06, 0.00132528, 40597.4
7919, -6.4176e-07, -0.00184138, 40592.8
7921, 2.39951e-06, 0.000982439, 40582.7
7922, -7.72237e-06, -0.010099, 40578.5
7923, 2.99068e-06, 0.00105214, 40572.8
7920, 2.86587e-06, 0.000743713, 40587.4
7925, -7.46507e-06, -0.00992815, 40563.8
7926, -8.51112e-06, -0.00972186, 40558.4
7927, -9.47975e-06, -0.0110717, 40553.8
7928, -7.80961e-06, -0.0101574, 40549.1
7924, -9.44464e-06, -0.0110733, 40568.5
7929, -3.08302e-06, -0.0042712, 40543.7
7930, -9.49177e-06, -0.0109263, 40539.2
7931, 2.01204e-06, 0.000656708, 40534.6
7933, 2.78536e-06, 0.00056101, 40524.6
7934, 2.96483e-06, 0.00132907, 40519.9
7936, -8.36489e-06, -0.0105161, 40510
7939, -9.50994e-06, -0.0109725, 40495.3
7941, 1.01401e-05, 0.0100989, 40485.4
7935, 1.3108e-06, 2.47807e-05, 40515.2
7940, 2.40235e-06, 0.000982781, 40490.7
7932, -4.17561e-07, -0.00162402, 40529
7938, -9.18345e-06, -0.0104846, 40500.9
7937, 2.79075e-06, 0.000570665, 40505.3
7943, 2.77083e-06, 0.000525126, 40476.1
7942, -8.08763e-06, -0.0103406, 40480.8
7945, -9.24123e-06, -0.0105577, 40466.1
7944, -8.90831e-06, -0.0101613, 40471.7
7947, 2.34466e-06, 0.000935581, 40456.8
7951, -9.70244e-06, -0.0102342, 40436.6
7949, -8.83532e-06, -0.0108023, 40446.9
7948, 2.0299e-06, 0.000670259, 40451.2
7946, -9.4982e-06, -0.0110673, 40461.4
7953, 2.57401e-06, 0.000108156, 40427.6
7952, -1.57223e-06, -0.00276247, 40432
7954, 2.8454e-06, 0.000681266, 40422.9
7950, -7.82803e-06, -0.0101729, 40442.2
7955, -2.19701e-06, -0.00338481, 40417.5
7956, -8.37823e-06, -0.00958406, 40412.9
7957, -8.93022e-06, -0.0101879, 40408.2
7959, 2.85889e-06, 0.000708593, 40398
7962, -7.31467e-06, -0.00983268, 40383.5
7961, -2.47685e-06, -0.00366565, 40387.9
7958, 2.69286e-06, 0.000353405, 40402.7
7960, -8.37988e-06, -0.0095863, 40393.6
7965, -9.71823e-06, -0.0101318, 40368.6
7966, -8.34821e-06, -0.00849908, 40363.8
7967, -8.71787e-06, -0.0107364, 40359.6
7963, 2.62728e-06, 0.000214219, 40378.8
7964, 2.71297e-06, 0.000392786, 40374.1
7968, -9.39383e-06, -0.0110712, 40354
7971, -8.49034e-06, -0.00970518, 40339.3
7969, 2.8973e-06, 0.00131284, 40349.3
7973, -8.02569e-06, -0.00921936, 40329.9
7974, -7.81213e-06, -0.0101661, 40325.5
7977, 3.0199e-06, 0.00132079, 40310.5
7975, -9.18549e-06, -0.0109923, 40319.8
7976, 2.88416e-06, 0.00130723, 40315.2
7970, 2.93262e-06, 0.00132489, 40344.6
7978, -2.14282e-06, -0.00333362, 40305.1
7979, -6.00105e-07, -0.00180816, 40300.4
7972, -8.2876e-06, -0.00949064, 40334.6
7981, -9.41109e-06, -0.0110769, 40291.3
7980, -9.02571e-06, -0.0109125, 40296
7987, -1.08673e-06, -0.00228692, 40261.7
7985, 3.03361e-06, 0.00130916, 40270.8
7989, -8.96608e-06, -0.010233, 40251.6
7983, 2.56046e-06, 6.56462e-05, 40281.1
7984, -8.1848e-06, -0.0104093, 40276.4
7990, -2.55967e-06, -0.00375241, 40246.8
7986, 2.9619e-06, 0.000935743, 40266.2
7982, 2.84469e-06, 0.000665753, 40285.8
7991, -9.69946e-06, -0.010238, 40242
7988, -8.59502e-06, -0.00985158, 40256.9
7993, -2.60232e-06, -0.0037956, 40231.9
7992, -9.51378e-06, -0.0110578, 40237.7
7994, -9.02434e-06, -0.0109138, 40227.5
7996, -8.19954e-06, -0.0104206, 40217.3
7998, 2.94307e-06, 0.000882596, 40207.9
7997, -9.40614e-06, -0.0110783, 40212.6
8001, -7.46519e-06, -0.00993997, 40193.1
7995, -9.51e-06, -0.0109789, 40222.8
8000, 3.02419e-06, 0.00110245, 40197.7
7999, -7.81882e-06, -0.0101743, 40203.3
8002, -9.22823e-06, -0.0110158, 40188.4
8003, 2.96856e-06, 0.000942952, 40183.8
8004, -9.26463e-06, -0.0110318, 40178.2
8005, 2.92623e-06, 0.000838635, 40173.6
8009, -9.35795e-06, -0.01072, 40154
8008, -8.84071e-06, -0.0108142, 40158.7
8012, -9.08176e-06, -0.0109466, 40139.2
8010, -8.14407e-06, -0.0103872, 40149.4
8014, -8.86991e-06, -0.0108317, 40130
8006, -8.3244e-06, -0.0105012, 40168.9
8011, -8.73535e-06, -0.00997618, 40143.7
8007, 2.79883e-06, 0.000554001, 40163.3
8013, -9.04268e-06, -0.010325, 40134.5
8015, -2.26875e-06, -0.00346422, 40124.1
8024, -9.171e-06, -0.0109926, 40080.4
8016, -9.51987e-06, -0.0110263, 40119.7
8022, 2.75061e-06, 0.00044422, 40090.6
8023, 2.93235e-06, 0.000843408, 40085
8017, -2.10995e-06, -0.00330579, 40114.9
8026, -9.51993e-06, -0.0110414, 40071.1
8021, 2.45617e-06, 0.00101717, 40095.2
8020, 2.93485e-06, 0.000850948, 40099.8
8019, 1.8993e-06, 0.000547737, 40104.5
8018, 2.7296e-06, 0.00121759, 40110
8027, -9.4805e-06, -0.0110863, 40065.6
8025, 2.62518e-06, 0.000180226, 40075.8
8029, 3.04075e-06, 0.0013171, 40055.9
8031, -8.4215e-06, -0.0105658, 40045.8
8033, -9.51338e-06, -0.0110653, 40036.5
8030, 1.66711e-06, 0.000339022, 40051.4
8034, -8.59483e-06, -0.0106727, 40031.9
8035, -8.50613e-06, -0.00973009, 40027.1
8037, 2.96889e-06, 0.00133468, 40016.7
8028, -1.4844e-06, -0.00268508, 40060.7
8039, 2.61642e-06, 0.000155283, 40007.5
8032, 2.8083e-06, 0.000562127, 40041.1
8038, -8.58347e-06, -0.0106665, 40012.1
8036, -8.24589e-06, -0.00945506, 40021.6
8040, -2.32018e-06, -0.00351889, 40001.7
8042, 2.73712e-06, 0.00122069, 39992.3
8045, -8.10815e-06, -0.0103695, 39977.5
8046, -8.36525e-06, -0.00958165, 39972.7
8043, 1.46797e-06, 0.000156253, 39987.7
8049, 3.06343e-06, 0.00123719, 39957.8
8051, -8.72324e-06, -0.00991619, 39948.2
8044, -9.06554e-06, -0.0109429, 39982.1
8041, -8.9532e-06, -0.0102247, 39997.2
8047, 3.05518e-06, 0.00130205, 39967.9
8048, 2.93998e-06, 0.000848027, 39962.4
8050, -9.45768e-06, -0.0110921, 39953.1
8052, -1.52492e-07, -0.00138136, 39943.6
8058, -7.74462e-06, -0.0101346, 39913.7
8055, -1.8144e-06, -0.00301617, 39928.5
8053, -8.90059e-06, -0.0108549, 39938
8057, -8.106e-06, -0.01037, 39918.3
8060, 2.92309e-06, 0.000802232, 39904
8059, -2.84463e-06, -0.00404771, 39908.8
8056, -8.01713e-06, -0.00922114, 39924
8054, -8.4027e-06, -0.0105576, 39933.4
8063, -1.29332e-06, -0.00250052, 39889
8061, 2.96437e-06, 0.000899672, 39899.4
8062, -1.17986e-06, -0.00238836, 39893.6
8065, 2.63842e-06, 0.000188538, 39879.7
8064, 2.66153e-06, 0.000237179, 39884.3
8067, 1.81865e-06, 0.000470483, 39869.2
8069, -9.0438e-06, -0.0109353, 39860
8070, 1.61658e-06, 0.000288413, 39855
8071, -8.83817e-06, -0.0108221, 39850.4
8066, -8.20435e-06, -0.00941558, 39874.9
8068, -8.8182e-06, -0.0108102, 39864.6
8073, 3.04342e-06, 0.00111055, 39839.9
8074, 2.9263e-06, 0.000802271, 39835.3
8075, -8.54497e-06, -0.00977687, 39830.6
8072, -9.1214e-06, -0.0104259, 39844.8
8076, 2.14963e-06, 0.000758563, 39824.8
8079, 3.03292e-06, 0.0013351, 39810.6
8080, 3.03097e-06, 0.00106573, 39806.1
8081, -9.01891e-06, -0.0100524, 39800.2
8083, -9.51119e-06, -0.0110767, 39791
8085, 2.9517e-06, 0.000855905, 39781.4
8078, -9.52074e-06, -0.0110404, 39815.6
8082, 2.43474e-06, 0.00099386, 39795.6
8086, -9.42196e-06, -0.0110944, 39775.9
8077, -9.33271e-06, -0.0110688, 39820.2
8084, -9.24463e-06, -0.0105794, 39786.3
8087, 3.01017e-06, 0.00134072, 39770.9
8091, -9.31622e-06, -0.011065, 39752.2
8096, -1.8777e-06, -0.00308448, 39727.4
8094, 2.80957e-06, 0.00126242, 39736.8
8095, 2.99204e-06, 0.000949405, 39732.2
8092, 2.59105e-06, 7.66697e-05, 39746.3
8097, 3.02162e-06, 0.00102702, 39721.7
8088, -9.14241e-06, -0.0104533, 39766.2
8089, -2.64414e-06, -0.00385004, 39761.6
8093, -8.88829e-06, -0.010854, 39741.8
8090, -8.04745e-06, -0.0103373, 39756.8
8098, -1.93946e-06, -0.00314627, 39716.9
8099, 2.08822e-06, 0.000703226, 39712.2
8103, -9.71456e-07, -0.00218832, 39692.3
8104, -9.27227e-06, -0.0110497, 39687.6
8107, 2.58984e-06, 0.00111122, 39673.1
8100, -9.45368e-06, -0.010876, 39707.6
8101, -2.58589e-06, -0.00379312, 39702.8
8106, -7.81469e-06, -0.0101882, 39678.1
8102, -9.24515e-06, -0.0105824, 39697.1
8105, -8.93713e-06, -0.0102144, 39683
8109, -9.06484e-06, -0.0103632, 39663
8110, -7.885e-06, -0.0102349, 39658.1
8111, 2.79458e-06, 0.00125219, 39653.2
8108, -9.01608e-06, -0.0109265, 39667.7
8112, 2.71688e-06, 0.000329633, 39648.6
8113, 2.03252e-06, 0.000653349, 39643.7
8114, -8.90952e-06, -0.0108691, 39638.2
8115, 3.07321e-06, 0.00119118, 39633.2
8116, -8.46825e-06, -0.0106078, 39628.7
8118, -8.19047e-06, -0.0104335, 39619.2
8121, -7.82115e-06, -0.0101948, 39603.8
8117, 3.07387e-06, 0.00130364, 39623.7
8120, -9.43014e-06, -0.0108402, 39608.7
8123, -8.16405e-06, -0.0104174, 39594.3
8119, 3.05655e-06, 0.00132986, 39614.2
8122, -9.35314e-06, -0.0107277, 39599.1
8125, -8.69274e-06, -0.0107454, 39584.8
8126, 1.97669e-06, 0.000603049, 39578.9
8128, 2.79649e-06, 0.00125218, 39569.4
8127, -8.47796e-06, -0.00971168, 39574.2
8129, -1.54833e-06, -0.00276154, 39564.6
8131, -8.73283e-06, -0.00992575, 39555
8132, -9.33923e-06, -0.0110792, 39549.5
8130, 3.08392e-06, 0.00124957, 39559.9
8133, 2.61738e-06, 0.000111552, 39544.6
8134, -9.32294e-06, -0.010688, 39539.9
8135, -8.89064e-06, -0.0108616, 39535.1
8124, -9.11757e-06, -0.0104279, 39589.6
8141, 2.82022e-06, 0.00053396, 39505.3
8136, -2.42443e-06, -0.00363582, 39530.3
8138, 1.9313e-06, 0.000561744, 39520.7
8140, -8.6051e-06, -0.0106951, 39510.3
8139, 2.82731e-06, 0.00127003, 39514.8
8146, -8.15498e-06, -0.0104152, 39480.6
8143, -9.15181e-06, -0.0110011, 39495.9
8144, -3.15102e-07, -0.00155124, 39491
8137, -9.46044e-06, -0.0108922, 39525.5
8142, -9.37054e-06, -0.0107546, 39500.7
8145, 2.16198e-06, 0.00076108, 39485.1
8147, 2.85181e-06, 0.000598992, 39475.6
8150, 1.55972e-06, 0.000226794, 39461.3
8148, -9.24486e-06, -0.0105879, 39471
8151, -1.30004e-06, -0.00251859, 39456.4
8155, -8.15512e-06, -0.00937597, 39436.3
8154, -4.28621e-07, -0.00166316, 39441.1
8153, 1.80745e-06, 0.000450006, 39446
8157, 3.08678e-06, 0.00129688, 39426.6
8152, -9.43835e-06, -0.0111064, 39450.8
8158, -9.51707e-06, -0.0110209, 39422.1
8149, -9.44211e-06, -0.0111063, 39466.1
8159, -9.34565e-06, -0.0110854, 39417.2
8156, 2.97153e-06, 0.000864333, 39431.5
8164, 3.03323e-06, 0.00134613, 39392.1
8161, -8.63034e-06, -0.00988024, 39406.7
8165, -9.51502e-06, -0.011014, 39387.5
8163, 3.0915e-06, 0.00123981, 39397
8166, -9.48927e-06, -0.0111049, 39382.6
8168, 2.62687e-06, 0.000114159, 39371.9
8167, -7.4876e-06, -0.00998109, 39376.8
8160, 2.83337e-06, 0.000552694, 39411.4
8162, -9.17528e-06, -0.0105029, 39401.8
8170, -2.48263e-06, -0.00369866, 39362.3
8171, 2.5773e-06, 9.24073e-06, 39357.6
8169, -1.85721e-06, -0.00307368, 39367.2
8173, -1.21759e-06, -0.00244004, 39347.9
8180, -8.05187e-06, -0.0103542, 39313.3
8181, -8.48572e-06, -0.0106286, 39308.4
8182, 2.16344e-06, 0.000758, 39303.5
8174, -1.2174e-06, -0.00243999, 39343
8175, -9.14963e-06, -0.0104732, 39337.3
8177, 2.92462e-06, 0.000744416, 39327.6
8176, 2.97429e-06, 0.000859874, 39332.5
8172, 2.62156e-06, 0.000101171, 39352.7
8179, -1.97415e-06, -0.00319148, 39318
8183, 2.66686e-06, 0.00116041, 39298.6
8178, -2.79472e-06, -0.0040132, 39322.9
8184, -9.13302e-06, -0.0101075, 39292.9
8186, -9.52051e-06, -0.0110729, 39283.4
8188, 2.89618e-06, 0.000675308, 39273.6
8190, -8.70722e-06, -0.00991757, 39263.9
8189, 2.58174e-06, 9.60603e-06, 39268.7
8194, -9.04889e-06, -0.0103554, 39243.6
8193, -9.52051e-06, -0.0110411, 39248.6
8187, -9.36889e-06, -0.0107581, 39278.4
8185, 2.00777e-06, 0.000623121, 39287.9
8191, 2.52261e-06, 0.00105153, 39258.9
8195, -7.31874e-06, -0.0098722, 39238.9
8192, -9.34853e-06, -0.0107303, 39254.4
8197, 2.99271e-06, 0.00134347, 39229.1
8201, -9.20047e-06, -0.010539, 39209.8
8203, -2.13204e-06, -0.00335222, 39199
8200, 2.28243e-06, 0.000856376, 39214.4
8199, -4.15322e-07, -0.00165608, 39219.4
8204, -9.2264e-06, -0.0110451, 39194.4
8206, -7.59442e-06, -0.0100585, 39184.6
8198, 3.01089e-06, 0.00093704, 39224.2
8196, -8.72864e-06, -0.0107775, 39234
8202, -7.52208e-06, -0.0100097, 39205.1
8207, -9.3391e-06, -0.0110905, 39179.7
8205, -9.301e-06, -0.010668, 39189.4
8209, -8.99488e-06, -0.0100498, 39170
8208, 2.98784e-06, 0.000874659, 39174.8
8213, 2.97363e-06, 0.00133785, 39149.6
8212, 2.52216e-06, 0.00104898, 39155.3
8210, 3.0625e-06, 0.00134565, 39165.1
8214, -1.95705e-06, -0.00317909, 39144.9
8218, -8.52321e-06, -0.00977189, 39125.5
8211, -1.60515e-06, -0.0028287, 39160.4
8215, 2.5712e-06, 0.00108641, 39139.8
8219, 1.85149e-06, 0.000481102, 39120.4
8217, 2.12118e-06, 0.000717604, 39130.1
8216, -8.20771e-06, -0.00943849, 39135.2
8221, 1.88659e-06, 0.00051204, 39110.6
8222, -8.47761e-06, -0.00972358, 39106
8224, -8.11071e-06, -0.00933909, 39096.2
8228, -8.07042e-06, -0.00929817, 39075.9
8227, 1.96302e-06, 0.000578774, 39080.6
8223, -9.39019e-06, -0.0111082, 39101.3
8226, 3.08561e-06, 0.00113305, 39085.4
8220, -8.60884e-06, -0.00986451, 39115.7
8230, -2.28297e-07, -0.00147811, 39066
8225, -9.52088e-06, -0.0102465, 39090.3
8231, 3.10145e-06, 0.00119415, 39061.1
8229, 2.85941e-06, 0.00128296, 39070.8
8238, -8.84489e-06, -0.0108514, 39027.1
8232, 2.14502e-06, 0.000736292, 39056.3
8235, 1.72941e-06, 0.000369836, 39041.7
8233, 2.73609e-06, 0.000310495, 39051.4
8236, 2.78549e-06, 0.000413027, 39036.8
8240, -9.43733e-06, -0.0111196, 39016.5
8234, 3.09324e-06, 0.00132956, 39046.5
8237, 3.09838e-06, 0.00132325, 39031.9
8242, -8.40808e-06, -0.00965223, 39006.6
8241, -1.78062e-07, -0.00143078, 39011.3
8243, 3.0543e-06, 0.00135168, 39001.5
8239, -9.18687e-06, -0.0105271, 39021.3
8244, 2.1413e-06, 0.000731656, 38996.7
8248, -9.37424e-06, -0.0111077, 38977.3
8253, 2.89768e-06, 0.00130267, 38952.7
8246, 2.91117e-06, 0.000678636, 38987
8252, -9.23402e-06, -0.0105877, 38957.9
8254, 2.31288e-06, 0.000875495, 38947.9
8249, -8.64877e-06, -0.0107382, 38972.5
8251, -8.55776e-06, -0.00981333, 38962.6
8247, 3.11326e-06, 0.00127132, 38982.2
8245, -1.26524e-07, -0.00138129, 38992
8250, -7.58233e-06, -0.0100575, 38967.7
8255, 2.60591e-06, 2.72877e-05, 38942.2
8258, -9.35012e-06, -0.0107411, 38927.6
8256, -8.57687e-06, -0.00983463, 38937.2
8259, 2.96523e-06, 0.00133404, 38922.4
8260, 2.75635e-06, 0.00121586, 38917.6
8264, -9.68938e-06, -0.0102567, 38897.9
8257, -9.0486e-06, -0.0103632, 38932.4
8262, -8.97835e-06, -0.0109296, 38907.9
8265, -9.66387e-06, -0.0100289, 38893.1
8261, -9.16959e-06, -0.0110276, 38912.8
8263, -8.80364e-06, -0.0108316, 38903.1
8266, -7.84648e-06, -0.0102343, 38888.2
8267, -7.87143e-06, -0.0102508, 38883.4
8268, -7.96281e-06, -0.0103105, 38878.6
8270, -1.66738e-07, -0.00142361, 38868.6
8269, -6.43894e-07, -0.00188867, 38873.5
8272, -8.26538e-06, -0.0105052, 38858.9
8273, -8.64118e-06, -0.0107374, 38854.1
8274, 1.35757e-06, 2.54572e-05, 38848.9
8275, 2.08457e-06, 0.000678999, 38844
8276, -8.63485e-06, -0.0107341, 38838.3
8277, -9.13723e-06, -0.0110144, 38833.5
8271, -9.70859e-06, -0.0101162, 38863.8
8278, 2.49373e-06, 0.00101958, 38828.3
8279, 2.97751e-06, 0.00133835, 38823.5
8280, 3.12155e-06, 0.00126134, 38818.7
8282, -8.14874e-06, -0.00938603, 38808.8
8281, -8.98476e-06, -0.010292, 38813.7
8283, -7.37498e-06, -0.0099242, 38803.8
8286, 3.01884e-06, 0.00135097, 38789
8285, -9.34474e-06, -0.0111042, 38794.2
8284, -8.5335e-06, -0.0106739, 38799
8288, 2.68403e-06, 0.000174193, 38779.4
8289, -9.16105e-06, -0.0093894, 38774.2
8290, 2.4458e-06, 0.000980066, 38769.4
8287, 3.07069e-06, 0.00104124, 38784.2
8291, 3.1213e-06, 0.00130121, 38764.6
8294, 2.49522e-06, 0.00101902, 38749.8
8293, -1.96553e-07, -0.00145563, 38754.7
8295, -9.39611e-06, -0.0108112, 38744.9
8298, -9.52253e-06, -0.0110852, 38730.1
8299, -8.51189e-06, -0.00977035, 38725.2
8300, -8.13622e-06, -0.0104274, 38720.2
8301, -9.51224e-06, -0.0111112, 38715.4
8292, -8.53779e-06, -0.00979723, 38759.6
8297, -8.47342e-06, -0.0106391, 38735
8296, -8.01541e-06, -0.00925081, 38740
8303, -8.3706e-06, -0.0105762, 38705.4
8302, -8.47594e-06, -0.00973229, 38710.4
8308, -9.28367e-06, -0.00953146, 38680.7
8305, -2.61703e-06, -0.00385165, 38695.6
8306, -9.0485e-06, -0.0109737, 38690.6
8309, 3.08763e-06, 0.00135234, 38675.9
8307, -9.11638e-06, -0.0104502, 38685.7
8310, -2.23803e-06, -0.00347249, 38670.9
8313, 2.06477e-06, 0.000657141, 38656
8304, -9.50891e-06, -0.0110116, 38700.6
8312, 2.83791e-06, 0.000486352, 38661.1
8311, 2.69075e-06, 0.00116548, 38665.9
8314, 2.99387e-06, 0.00083053, 38651.2
8315, -9.04731e-06, -0.0109745, 38646.4
8318, -8.70361e-06, -0.00998073, 38631.5
8317, -8.94315e-06, -0.0109188, 38636.4
8320, -8.49415e-06, -0.00975411, 38621.5
8316, 3.05638e-06, 0.00098365, 38641.2
8322, -8.02824e-06, -0.0092674, 38611.5
8326, -8.85451e-06, -0.0108706, 38591.9
8319, -9.02465e-06, -0.0109632, 38626.5
8323, 2.96542e-06, 0.00133232, 38606.6
8327, -8.29187e-06, -0.00954096, 38586.9
8321, 2.58728e-06, 0.00108768, 38616.5
8324, -7.88291e-06, -0.0102674, 38601.8
8325, -9.19518e-06, -0.0105486, 38596.9
8330, 3.06045e-06, 0.000985763, 38572
8329, -1.69142e-07, -0.00143382, 38576.8
8328, 2.98323e-06, 0.0013395, 38581.9
8336, 3.00241e-06, 0.000838519, 38542.2
8333, -9.04083e-06, -0.010364, 38557.2
8334, 2.7077e-06, 0.0011754, 38552.1
8335, -8.13007e-06, -0.010429, 38547.4
8338, 1.61815e-06, 0.000256028, 38532.3
8332, -7.58176e-06, -0.0100703, 38562.1
8331, -9.42858e-06, -0.0111325, 38567.2
8337, -9.5224e-06, -0.0110645, 38537.4
8339, -7.29647e-06, -0.00988041, 38527.6
8342, 1.65257e-06, 0.000286759, 38512.5
8344, 2.99154e-06, 0.000808698, 38502.6
8349, -8.06897e-06, -0.00931277, 38477.8
8347, -8.62827e-06, -0.00989078, 38487.6
8341, -9.51558e-06, -0.0111133, 38517.6
8343, -1.56979e-06, -0.00281132, 38507.5
8346, 2.7587e-06, 0.00120992, 38492.7
8345, -9.41183e-06, -0.0108411, 38497.8
8348, -7.69633e-06, -0.0101488, 38482.8
8340, 3.10226e-06, 0.00109882, 38522.4
8350, 3.03882e-06, 0.000918524, 38472.9
8351, 3.12905e-06, 0.00132667, 38467.7
8355, -8.31746e-06, -0.0105511, 38448
8352, -9.51734e-06, -0.0111122, 38463
8354, -8.99664e-06, -0.0109537, 38453.1
8357, -7.386e-06, -0.00994357, 38438.1
8361, -8.57679e-06, -0.00984836, 38418.2
8358, -2.25033e-06, -0.00349132, 38433.1
8353, 2.50783e-06, 0.00102246, 38457.9
8359, -8.26799e-06, -0.00952025, 38428
8362, 2.98441e-06, 0.000782469, 38413.2
8356, -4.4282e-07, -0.00170381, 38442.9
8363, 3.04735e-06, 0.000932171, 38408.1
8360, 2.92457e-06, 0.000649283, 38423.1
8364, -8.80349e-06, -0.0100973, 38403.2
8367, -8.52988e-06, -0.00979866, 38388.2
8371, -7.10896e-07, -0.00196798, 38369.2
8366, -8.53799e-06, -0.00980723, 38393.3
8368, 2.85214e-06, 0.000488385, 38383.2
8369, -2.50998e-06, -0.00375294, 38378.3
8365, 3.00419e-06, 0.000826695, 38398.2
8370, -7.40495e-06, -0.00995841, 38373.4
8372, -8.30614e-06, -0.0105467, 38364.4
8373, 1.62835e-06, 0.00026076, 38359.3
8375, -9.49238e-06, -0.0111366, 38349.4
8374, -9.31821e-06, -0.0111085, 38354.5
8377, -9.00089e-06, -0.0103233, 38339.5
8376, 3.12753e-06, 0.00134035, 38344.3
8380, -9.01009e-06, -0.0100672, 38324.3
8378, 2.83449e-06, 0.000445777, 38334.5
8383, -8.71508e-06, -0.0100019, 38309.5
8385, -8.63584e-06, -0.0107518, 38299.5
8379, -7.35327e-07, -0.00199302, 38329.5
8386, 2.84496e-06, 0.00126314, 38294.3
8384, -7.38774e-06, -0.00994912, 38304.6
8381, -9.36518e-06, -0.0111254, 38319.5
8382, 3.12572e-06, 0.00134442, 38314.4
8387, -9.13212e-06, -0.0104798, 38289.5
8389, 1.49439e-06, 0.00013637, 38279.5
8395, 2.63687e-06, 2.17954e-05, 38250.5
8394, -9.32294e-06, -0.0107219, 38255.5
8393, 2.16788e-06, 0.000736304, 38260.3
8390, 2.96362e-06, 0.00132893, 38274.3
8392, -9.60154e-07, -0.0022156, 38265.5
8391, -8.76935e-06, -0.0100629, 38269.5
8398, -7.67587e-06, -0.0101433, 38235.6
8399, -9.40052e-06, -0.0111376, 38230.5
8388, 2.6735e-06, 0.000102032, 38284.5
8397, -9.18953e-06, -0.0105512, 38240.6
8396, 2.23037e-06, 0.00078925, 38245.4
8401, -9.11408e-06, -0.0101129, 38220.3
8400, 3.02209e-06, 0.000849589, 38225.4
8402, -9.4288e-06, -0.0108746, 38215.5
8405, 2.88458e-06, 0.000539184, 38200.3
8404, 2.87931e-06, 0.00128275, 38205.4
8407, -8.73943e-06, -0.010032, 38190.4
8403, -7.46333e-06, -0.0100028, 38210.5
8406, 2.19195e-06, 0.000755282, 38195.2
8410, -9.44415e-06, -0.00972812, 38176.1
8408, -8.92883e-06, -0.0109251, 38185.4
8409, 3.15384e-06, 0.00128076, 38181.2
8411, -9.34624e-06, -0.0107558, 38171.4
8416, 2.0429e-06, 0.0006252, 38146.1
8414, -8.47736e-06, -0.00982346, 38156.2
8415, -8.81608e-06, -0.0101181, 38151.4
8418, -9.4974e-06, -0.0111414, 38136.3
8417, -8.27073e-06, -0.00953088, 38141.2
8413, 3.14124e-06, 0.00117702, 38161.3
8419, -7.64575e-06, -0.0101268, 38131.2
8423, -9.37358e-06, -0.0111343, 38112.1
8412, -8.32941e-06, -0.0105677, 38166.4
8422, -8.91499e-06, -0.0102306, 38117.1
8420, 3.15448e-06, 0.00124028, 38126.1
8421, 1.79672e-06, 0.000406508, 38121.1
8426, 2.43225e-06, 0.000953553, 38097
8425, 3.13942e-06, 0.00115814, 38102
8424, -7.52806e-06, -0.0100494, 38107.1
8427, -9.95691e-07, -0.00225535, 38092
8428, 3.136e-06, 0.00114264, 38086.8
8429, 2.64223e-06, 0.00111788, 38081.7
8432, -9.48776e-06, -0.0109801, 38066.9
8433, -9.12517e-06, -0.0110325, 38061.9
8430, 2.97257e-05, 0.0297017, 38075.6
8435, 3.1567e-06, 0.00122964, 38052.6
8431, -8.50563e-06, -0.00978118, 38071.8
8434, 2.83243e-06, 0.000413112, 38057.7
8436, 2.81066e-06, 0.0012369, 38047.6
8437, -8.47358e-06, -0.00982323, 38042.6
8439, -8.52931e-06, -0.00980763, 38032.6
8438, -1.26572e-06, -0.00252318, 38037.6
8441, -9.51538e-06, -0.0111308, 38022.7
8442, -9.15673e-06, -0.0110493, 38017.6
8440, -9.31748e-06, -0.0107207, 38027.7
8444, -7.52946e-06, -0.0100537, 38007.5
8443, -8.42666e-06, -0.0106333, 38012.6
8445, 3.12423e-06, 0.00109015, 38003.3
8446, 3.15293e-06, 0.00133218, 37998.3
8447, 2.99567e-06, 0.00134105, 37993.2
8448, 2.65135e-06, 0.00112272, 37988.2
8449, 2.14974e-06, 0.000713735, 37983.2
8451, -9.27464e-06, -0.0101802, 37973.1
8450, 1.5455e-06, 0.000175133, 37978.2
8452, -9.48269e-06, -0.0097782, 37968
8454, -7.53355e-06, -0.010058, 37957.9
8458, -8.46951e-06, -0.0097462, 37938.9
8457, -8.54503e-06, -0.00982693, 37943.9
8456, -8.55928e-06, -0.00984213, 37948.9
8453, -7.7303e-06, -0.0101882, 37963
8455, -8.51299e-06, -0.00979226, 37954
8459, -8.32956e-06, -0.00959819, 37933.8
8462, -1.49083e-06, -0.00274927, 37918.6
8461, -2.41556e-06, -0.0036709, 37923.7
8464, -7.98953e-06, -0.00924708, 37909.5
8467, 1.36906e-06, 1.0666e-05, 37894.3
8460, -8.12157e-06, -0.00938187, 37928.8
8468, 2.36679e-06, 0.000894888, 37889.2
8469, 2.96627e-06, 0.00132644, 37884.2
8466, 3.18358e-06, 0.00311844, 37898.9
8465, -1.38578e-06, -0.00264561, 37904.4
8463, -4.57686e-07, -0.00173285, 37913.6
8470, 3.16828e-06, 0.00129754, 37879.1
8471, 3.05028e-06, 0.000877107, 37874.1
8474, -7.73195e-06, -0.0101926, 37859.9
8475, -8.91687e-06, -0.010929, 37854.9
8477, -9.16303e-06, -0.0105293, 37844.7
8482, -9.05731e-06, -0.0104032, 37820.5
8476, -9.51231e-06, -0.0111404, 37849.8
8472, 2.7267e-06, 0.000171071, 37869.1
8478, -7.96615e-06, -0.00922522, 37839.6
8481, -9.48435e-06, -0.0111558, 37825.6
8479, -9.45331e-06, -0.0102428, 37834.5
8473, 2.88189e-06, 0.000498758, 37864.9
8483, -1.45613e-06, -0.00271776, 37815.4
8480, 2.77616e-06, 0.00120954, 37829.4
8486, 2.76591e-06, 0.00024637, 37800.2
8484, 2.07921e-06, 0.000648244, 37810.2
8485, 3.16886e-06, 0.00131704, 37805.2
8490, -9.7901e-07, -0.00224756, 37780.7
8488, -9.42169e-06, -0.0108749, 37790.1
8492, 3.0309e-06, 0.000819397, 37770.6
8487, -8.92083e-06, -0.0109331, 37795.2
8491, 2.72428e-06, 0.00117186, 37775.6
8489, -9.23072e-06, -0.0106148, 37785.9
8493, -8.55585e-06, -0.0107206, 37765.6
8494, -9.43073e-06, -0.0108897, 37760.6
8495, -1.23402e-06, -0.00249971, 37755.4
8498, -6.06568e-07, -0.00188314, 37741.2
8502, -1.87764e-06, -0.00313912, 37720.9
8504, -9.10498e-06, -0.0104627, 37711.9
8497, -9.40874e-06, -0.0108565, 37746.4
8503, -8.54792e-06, -0.0107174, 37717
8505, 1.50962e-06, 0.000134984, 37706.7
8507, -9.18496e-06, -0.0110729, 37696.6
8500, -7.26972e-06, -0.00988872, 37731.1
8496, -8.43274e-06, -0.0106455, 37751.5
8506, 3.06637e-06, 0.00089623, 37701.6
8501, -9.51929e-06, -0.011135, 37726.1
8499, 3.07876e-06, 0.00136711, 37736.1
8509, 2.922e-06, 0.0013002, 37686.3
8513, -9.50446e-06, -0.0110261, 37667.2
8515, 2.9987e-06, 0.00073295, 37656.8
8512, 2.76502e-06, 0.000231333, 37672.2
8508, -8.18696e-06, -0.009456, 37691.5
8516, -9.51091e-06, -0.0111485, 37651.8
8517, 3.02155e-06, 0.000784082, 37647.7
8518, -9.51622e-06, -0.0111429, 37642.7
8510, -8.98945e-06, -0.0103278, 37682.4
8511, 2.27352e-06, 0.000811625, 37677.2
8514, -9.26133e-06, -0.010179, 37661.9
8519, -9.58191e-06, -0.0102746, 37637.5
8521, -9.49558e-06, -0.0110074, 37627.4
8523, -9.25977e-06, -0.0106563, 37618.3
8522, 1.88195e-06, 0.000469524, 37622.1
8524, 2.69882e-06, 0.00114995, 37613
8525, -8.31572e-06, -0.0105772, 37608
8526, -8.03733e-06, -0.00930438, 37602.9
8527, 3.16717e-06, 0.00117174, 37597.7
8529, 2.82e-06, 0.000338622, 37588.6
8520, 2.93474e-06, 0.000588695, 37632.4
8530, -9.07585e-06, -0.0104316, 37583.6
8531, 3.09976e-06, 0.00137102, 37578.3
8528, -9.51092e-06, -0.0111505, 37592.7
8533, -8.9035e-06, -0.01003, 37568.1
8539, -8.0497e-06, -0.0104102, 37538.7
8538, -8.54256e-06, -0.0107197, 37543.7
8532, -9.29511e-06, -0.0111244, 37573.3
8540, -1.09427e-06, -0.00236801, 37533.5
8534, -7.62216e-06, -0.0101299, 37563
8536, -9.43404e-06, -0.0111652, 37554
8541, 3.14646e-06, 0.00136681, 37529.2
8542, -9.52562e-06, -0.0111212, 37524.3
8537, 2.04407e-06, 0.000610769, 37548.6
8543, -9.50621e-06, -0.0111568, 37519.4
8535, 3.11928e-06, 0.00137181, 37558.9
8544, 2.7988e-06, 0.00121905, 37514
8547, -1.79018e-06, -0.00305827, 37499.8
8548, -7.19946e-06, -0.00984917, 37494.7
8549, -1.44233e-06, -0.00271321, 37489.5
8545, -9.3998e-06, -0.0111602, 37509.1
8553, 3.0692e-06, 0.000876261, 37470
8554, -8.38613e-06, -0.00967067, 37464.9
8551, -4.18836e-07, -0.00170705, 37479.2
8546, 2.59973e-06, 0.00107272, 37503.8
8552, -8.14519e-06, -0.0104736, 37474.2
8550, -7.52203e-06, -0.010066, 37484.4
8555, 2.76716e-06, 0.000213966, 37459.8
8556, -7.60236e-06, -0.0101204, 37454.9
8557, -9.65648e-06, -0.0102798, 37449.6
8562, 2.84813e-06, 0.00125042, 37424.9
8563, -9.23241e-06, -0.0101709, 37420.9
8560, -9.02458e-06, -0.00924306, 37435.2
8565, 3.15108e-06, 0.00136879, 37410.6
8564, -9.31221e-06, -0.0111359, 37415.9
8561, -8.96485e-06, -0.0109689, 37430.3
8559, 2.67052e-06, 8.86358e-06, 37440.5
8558, 2.96882e-06, 0.000643631, 37445.4
8566, -8.83587e-06, -0.0101605, 37405.5
8567, -7.19599e-06, -0.00984998, 37400.4
8569, -1.25027e-06, -0.00252598, 37391.1
8568, -8.75604e-06, -0.010852, 37395.5
8572, 3.00904e-06, 0.000725825, 37375.8
8571, -9.51144e-06, -0.0110505, 37381.1
8570, 1.92055e-06, 0.000497562, 37386.1
8573, 7.70829e-06, 0.00765691, 37370.1
8577, -8.04693e-06, -0.00932124, 37351.1
8576, 3.17295e-06, 0.0013572, 37356.2
8575, -8.90068e-06, -0.0109357, 37361.5
8578, 1.79488e-06, 0.000384245, 37346
8579, -8.25547e-06, -0.010548, 37341.9
8574, -2.31512e-06, -0.003586, 37366.6
8582, 1.9506e-06, 0.000522613, 37326.4
8586, -9.51852e-06, -0.0111514, 37307.2
8583, -9.19794e-06, -0.0105865, 37321.4
8585, -7.54784e-06, -0.0100889, 37312.1
8590, -8.47117e-06, -0.00976583, 37287.5
8584, -9.39898e-06, -0.0108536, 37317.4
8587, 2.80195e-06, 0.000270917, 37302
8589, 2.48608e-06, 0.00097788, 37292.6
8581, 2.86655e-06, 0.000410769, 37331.7
8588, 2.87129e-06, 0.000417349, 37297.9
8580, -9.52539e-06, -0.0111022, 37337
8591, -9.19517e-06, -0.0110908, 37282.4
8596, 2.93313e-06, 0.00130033, 37257.6
8593, 2.96934e-06, 0.000626446, 37273
8595, 2.83616e-06, 0.000339131, 37262.9
8594, 2.53643e-06, 0.00101758, 37267.8
8597, -1.25406e-06, -0.00253365, 37252.4
8600, -8.84956e-06, -0.0109109, 37238.1
8599, -9.29181e-06, -0.010708, 37243.3
8603, -9.47136e-06, -0.0109715, 37223.8
8602, -2.26385e-06, -0.0035386, 37228.9
8592, 2.99355e-06, 0.000680448, 37277.1
8598, -3.90408e-07, -0.00168582, 37248.4
8601, -8.35715e-06, -0.00964653, 37233
8604, -8.68353e-06, -0.0108151, 37218.6
8608, -9.28596e-06, -0.0111327, 37199.1
8615, 2.80974e-06, 0.000273026, 37163.9
8612, 3.19936e-06, 0.00122862, 37179.3
8610, 3.11452e-06, 0.000955338, 37188.6
8611, 2.78706e-06, 0.000227348, 37184.5
8607, 3.19595e-06, 0.00121606, 37204
8613, -9.42025e-06, -0.0111752, 37174.4
8605, 2.92902e-06, 0.000532294, 37213.3
8606, -9.51963e-06, -0.0110788, 37208.4
8609, -7.63539e-06, -0.010151, 37193.9
8614, -8.3531e-06, -0.010615, 37169.1
8618, -9.00203e-06, -0.0103569, 37149.6
8619, -9.51289e-06, -0.0110602, 37144.4
8616, -8.26752e-06, -0.0105616, 37159.8
8620, -8.67313e-06, -0.00998781, 37140.3
8623, 2.34083e-06, 0.000854242, 37124.7
8624, 3.20727e-06, 0.0012959, 37120.6
8617, 2.7929e-06, 0.00023655, 37154.6
8621, -9.35838e-06, -0.0108007, 37135.1
8625, 3.07531e-06, 0.00136634, 37115.3
8622, -9.51717e-06, -0.0111597, 37129.9
8626, 2.69082e-06, 0.00113311, 37110.1
8627, 2.07659e-06, 0.000627485, 37104.9
8630, -9.52342e-06, -0.0111495, 37090.7
8629, -9.5044e-06, -0.0110404, 37095.9
8631, -9.47278e-06, -0.0111816, 37085.5
8632, 2.69427e-06, 0.00113502, 37080.3
8637, -8.39403e-06, -0.0106442, 37056.5
8636, -8.90981e-06, -0.0102535, 37060.8
8635, 3.13389e-06, 0.000990468, 37065.7
8634, 3.12521e-06, 0.000968376, 37071
8639, 1.52219e-06, 0.000128429, 37046
8628, -8.66188e-06, -0.010806, 37100
8638, -8.93451e-06, -0.0100508, 37051.3
8633, 3.09908e-06, 0.000903129, 37076.2
8642, -8.63774e-06, -0.00995224, 37031.7
8643, -8.15736e-06, -0.0094439, 37026.5
8640, 1.98058e-06, 0.000541465, 37040.8
8641, 3.15052e-06, 0.00103186, 37036.7
8647, -9.02413e-06, -0.0103866, 37006.9
8646, -9.4418e-06, -0.0109274, 37012.1
8648, -8.28089e-06, -0.00957297, 37001.6
8645, 3.00835e-06, 0.00133773, 37017
8649, 2.69484e-06, 0.00113359, 36997.3
8650, -9.49747e-06, -0.0110278, 36992.5
8651, -8.98145e-06, -0.0103376, 36987.2
8644, -1.6406e-06, -0.00292316, 37021.2
8656, 3.09214e-06, 0.00137103, 36963.2
8654, -9.145e-06, -0.0105312, 36972.7
8657, 3.12696e-06, 0.0009589, 36958
8655, -7.98424e-06, -0.0092681, 36967.4
8659, 1.9774e-06, 0.000536146, 36947.6
8652, -7.95378e-06, -0.00923675, 36981.8
8658, -1.29696e-06, -0.00258457, 36952.9
8662, 3.07826e-06, 0.0013666, 36933.2
8660, 2.85373e-06, 0.000343157, 36943.6
8663, 3.02801e-06, 0.000719906, 36927.9
8653, 3.03943e-06, 0.00135177, 36977.7
8661, -8.84291e-06, -0.0100113, 36938.4
8666, -8.41552e-06, -0.0106623, 36913.5
8667, -9.51955e-06, -0.0110855, 36908.3
8670, -1.27893e-06, -0.00256844, 36893.7
8669, -9.4026e-06, -0.0108704, 36899.1
8671, 3.15173e-06, 0.00101574, 36889.5
8665, 3.03309e-06, 0.000730387, 36918.7
8675, -8.69033e-06, -0.0100141, 36869.8
8664, -9.52106e-06, -0.0111611, 36923.9
8673, 3.20477e-06, 0.00135283, 36879.1
8674, -1.03871e-06, -0.00233193, 36874.1
8668, 1.52819e-06, 0.000129985, 36904
8672, -9.59373e-06, -0.0102848, 36884.4
8678, -8.73813e-06, -0.0108591, 36854.4
8679, -1.06374e-06, -0.00235729, 36850.1
8682, 2.89423e-06, 0.000418039, 36835.7
8680, 3.15635e-06, 0.00138034, 36844.8
8681, -5.34557e-07, -0.00183814, 36839.8
8683, -9.48062e-06, -0.0111891, 36830.4
8685, -9.48498e-06, -0.0110073, 36820.1
8686, 2.87966e-06, 0.00125979, 36815.7
8677, -8.97019e-06, -0.0103281, 36859.5
8684, -7.23788e-06, -0.00989765, 36825.3
8676, -8.90509e-06, -0.0109543, 36864.8
8687, -7.49663e-06, -0.0100717, 36810.6
8691, -8.70653e-06, -0.0100341, 36790.9
8688, 3.22336e-06, 0.00128862, 36805.4
8693, -9.36082e-06, -0.0111729, 36781.5
8695, -8.95665e-06, -0.010315, 36771
8694, -7.63901e-06, -0.0101673, 36776.3
8696, 3.19593e-06, 0.00113039, 36766.8
8692, 2.9368e-06, 0.00129502, 36785.5
8697, 2.7631e-06, 0.00117851, 36761.6
8690, -9.55137e-06, -0.0102793, 36795.9
8689, -9.52354e-06, -0.0111024, 36801.4
8698, -8.18306e-06, -0.0105214, 36756.5
8699, 2.95656e-06, 0.000543191, 36751.3
8703, -9.42385e-06, -0.0111901, 36732.6
8701, 3.22519e-06, 0.00131308, 36741.8
8705, -1.43107e-06, -0.00272391, 36722.1
8704, -8.70183e-06, -0.00994959, 36727.1
8708, -9.05938e-06, -0.0104362, 36707.5
8710, -9.26156e-06, -0.0106839, 36698.1
8702, 2.65386e-06, 0.00109665, 36736.6
8707, -8.19964e-06, -0.00949653, 36712.6
8709, 3.2037e-06, 0.00136633, 36702.1
8706, -7.65794e-06, -0.0101818, 36718
8700, -8.35586e-06, -0.00965877, 36747.1
8711, -9.5202e-06, -0.0110926, 36693
8716, 3.10283e-06, 0.00137344, 36668.9
8713, -9.51394e-06, -0.0110744, 36683.4
8714, -9.48895e-06, -0.0111924, 36678.3
8720, -9.49112e-06, -0.0110238, 36649
8719, 2.64567e-06, 0.00108841, 36653
8721, -9.50738e-06, -0.0110589, 36643.9
8717, -9.50137e-06, -0.0111885, 36663.7
8722, 3.19151e-06, 0.00137684, 36638.4
8718, -9.42218e-06, -0.0111922, 36658.6
8712, 2.84694e-06, 0.00123562, 36687.5
8715, -9.30588e-06, -0.0111573, 36673.2
8723, -8.81737e-06, -0.0101612, 36634.3
8728, -8.74403e-06, -0.00997077, 36609.3
8724, -8.71495e-06, -0.0100479, 36629.2
8725, -8.54105e-06, -0.00985913, 36624
8726, -7.73212e-06, -0.010234, 36619.9
8727, -9.71636e-06, -0.0101525, 36614.4
8729, -9.5136e-06, -0.0111822, 36605.2
8730, 3.20653e-06, 0.00136935, 36599.7
8733, -3.06315e-08, -0.00135511, 36585.2
8732, -1.90476e-06, -0.00319835, 36590.4
8734, -8.85255e-06, -0.0109341, 36580
8735, 3.20899e-06, 0.00136855, 36575.7
8731, 3.22204e-06, 0.0011987, 36594.6
8737, 2.86979e-06, 0.000337665, 36565.5
8744, 3.07022e-06, 0.000772317, 36530.8
8738, 1.81089e-06, 0.000377139, 36561.2
8739, -9.51486e-06, -0.0111827, 36556
8742, -9.04987e-06, -0.011043, 36541.5
8743, 3.18437e-06, 0.00138192, 36535.9
8740, -9.21467e-06, -0.0106287, 36550.8
8745, 1.49237e-06, 8.6542e-05, 36526.6
8741, 2.85533e-06, 0.000304882, 36545.4
8746, -9.52651e-06, -0.0111219, 36521.4
8747, -8.61162e-06, -0.0099383, 36516.1
8736, 3.17223e-06, 0.00103005, 36570.6
8748, -8.90994e-06, -0.0109685, 36512
8751, -9.35597e-06, -0.0111806, 36497.4
8754, 3.23679e-06, 0.00132444, 36482.5
8753, -8.01669e-06, -0.0104239, 36486.9
8752, 3.16342e-06, 0.000995765, 36492
8750, 2.84986e-06, 0.000288675, 36501.4
8757, -2.30215e-06, -0.00359887, 36467.8
8759, 3.08203e-06, 0.000791397, 36457.5
8749, -9.47773e-06, -0.0110022, 36506.8
8755, -7.25168e-06, -0.00991875, 36477.5
8758, 2.58421e-06, 0.00103592, 36462.6
8756, 2.8076e-06, 0.001204, 36472
8762, 2.19133e-06, 0.000709298, 36442.6
8760, 2.56362e-06, 0.00101938, 36453.2
8767, -5.28412e-07, -0.00184426, 36418.4
8763, -8.12511e-06, -0.00942735, 36438.5
8764, 2.70581e-06, 0.00112896, 36433.2
8768, 3.22725e-06, 0.00118347, 36414.4
8771, 3.05499e-06, 0.00135303, 36399.6
8769, 1.73114e-06, 0.000300991, 36409
8761, -8.47215e-06, -0.00979039, 36447.9
8766, 3.13278e-06, 0.00138091, 36423.8
8765, -1.44657e-06, -0.00274774, 36429
8770, 3.0621e-06, 0.000739601, 36403.9
8772, -7.74891e-06, -0.0102526, 36394.5
8775, -7.30124e-06, -0.00995545, 36379.7
8774, -9.31252e-06, -0.0111692, 36385.1
8773, -9.25501e-06, -0.0106841, 36389.3
8780, 2.95553e-06, 0.00129901, 36355.5
8782, 2.95822e-06, 0.000503647, 36344.9
8776, -9.33767e-06, -0.0107932, 36374.5
8781, -8.24655e-06, -0.0105752, 36350.4
8777, -9.31825e-06, -0.0111718, 36370.3
8779, 3.2208e-06, 0.0011487, 36359.8
8778, -1.08271e-06, -0.00238999, 36365
8783, 3.24375e-06, 0.00125108, 36340.6
8787, 3.21467e-06, 0.00112123, 36320.8
8788, 3.17409e-06, 0.00138648, 36316.5
8785, -8.50409e-06, -0.0107361, 36331.3
8784, -9.36751e-06, -0.0111894, 36335.6
8790, -9.64739e-06, -0.0100207, 36306.1
8791, -1.6591e-06, -0.00296231, 36301.9
8793, 3.23868e-06, 0.00120759, 36291.2
8792, -8.49553e-06, -0.00981962, 36296.5
8789, -9.18153e-06, -0.0111158, 36311.5
8786, -7.89179e-06, -0.00919293, 36326
8795, -9.45394e-06, -0.0112083, 36281.9
8794, 3.21078e-06, 0.00137967, 36287
8797, -8.43084e-06, -0.00982819, 36272.3
8799, -7.61974e-06, -0.0101719, 36262.9
8804, -8.60385e-06, -0.00993774, 36238.7
8800, -1.89693e-06, -0.00320025, 36257.6
8803, -8.52112e-06, -0.00984852, 36242.9
8805, 3.10307e-06, 0.000815183, 36233.4
8798, -8.05398e-06, -0.0104552, 36267.2
8806, 3.07342e-06, 0.000745904, 36228
8796, -9.20274e-06, -0.0111267, 36277.6
8801, 2.88763e-06, 0.000342622, 36252.4
8802, 2.95975e-06, 0.00049666, 36248.1
8807, -8.66292e-06, -0.0100023, 36224
8813, -8.04221e-06, -0.0104501, 36194.3
8809, 2.95506e-06, 0.000482822, 36213.3
8811, -1.88469e-06, -0.00318963, 36203.7
8810, -8.15387e-06, -0.00946358, 36209.2
8814, -8.68507e-06, -0.0099495, 36188.9
8816, -9.4251e-06, -0.0112084, 36179.6
8812, -7.3298e-06, -0.00998076, 36199.7
8808, -8.43816e-06, -0.00976075, 36218.5
8815, 2.107e-06, 0.000629134, 36184.7
8817, 3.18096e-06, 0.00138797, 36174.2
8818, 3.25135e-06, 0.00124549, 36169.9
8819, -8.64242e-06, -0.00998169, 36164.8
8820, -2.28819e-06, -0.0035939, 36160.4
8824, -9.18132e-06, -0.0105988, 36140.5
8821, -8.10269e-06, -0.0104902, 36155.3
8825, -8.24912e-06, -0.00956441, 36136.2
8829, -8.41064e-06, -0.00973451, 36116.1
8827, 2.55535e-06, 0.00100457, 36125.6
8823, 3.05761e-06, 0.00135137, 36145.6
8822, 2.21682e-06, 0.000723298, 36149.9
8828, 3.23564e-06, 0.00136919, 36121.3
8830, -8.18381e-06, -0.0105435, 36110.9
8826, -8.04241e-06, -0.0104524, 36130.9
8831, -9.36232e-06, -0.0111953, 36106.6
8841, -9.01314e-06, -0.0104003, 36058
8839, -1.76081e-06, -0.00307029, 36067.5
8843, -9.5264e-06, -0.0111303, 36048.5
8834, 2.06912e-06, 0.000593436, 36091.7
8840, -9.37166e-06, -0.0111996, 36062.4
8842, -8.35087e-06, -0.0106507, 36052.8
8833, -7.94792e-06, -0.00925631, 36097.2
8838, 3.24494e-06, 0.00136086, 36072.8
8835, -9.35764e-06, -0.0108287, 36086.6
8832, 3.23727e-06, 0.00116334, 36101.2
8836, 2.90211e-06, 0.000355467, 36082.4
8837, 1.92706e-06, 0.000467513, 36077
8844, -7.09724e-06, -0.00982913, 36043.2
8845, 2.95849e-06, 0.00129521, 36037.8
8849, 1.82051e-06, 0.000370562, 36018.6
8851, -8.58736e-06, -0.0107974, 36009.4
8850, -8.74969e-06, -0.0101036, 36013.5
8848, 3.18695e-06, 0.000998432, 36024
8855, -8.96234e-06, -0.0110145, 35990.2
8852, 3.17802e-06, 0.000972271, 36004
8854, 3.12181e-06, 0.000832042, 35994.4
8847, 2.37631e-06, 0.000855348, 36028.2
8853, -8.66876e-06, -0.0108464, 35999.8
8846, 3.03286e-06, 0.000633399, 36033.6
8857, 3.08546e-06, 0.00136218, 35979.5
8864, -9.01586e-06, -0.0104067, 35945.7
8860, -9.73073e-06, -0.0102232, 35965.8
8865, 2.24928e-06, 0.000745444, 35941.3
8862, -9.51556e-06, -0.0112033, 35955.4
8863, -9.4192e-07, -0.00226343, 35950.9
8861, -8.70139e-06, -0.0100519, 35960.6
8866, -9.09991e-07, -0.00223246, 35936
8859, 3.26513e-06, 0.00129125, 35969.9
8858, -7.23408e-06, -0.00992403, 35975.3
8856, 2.97057e-06, 0.000491963, 35984.9
8867, -8.83259e-06, -0.0101981, 35930.8
8869, -9.70597e-06, -0.0102805, 35921
8871, -9.52732e-06, -0.0111373, 35911.8
8872, -9.22241e-06, -0.0101867, 35907.3
8873, -1.7084e-06, -0.00302304, 35902
8874, -8.65851e-06, -0.0100068, 35896.8
8870, -8.97508e-06, -0.0103603, 35917
8876, -9.07123e-06, -0.0110755, 35887.4
8875, -9.49687e-06, -0.0112166, 35892.7
8868, -9.26506e-06, -0.0111655, 35926.7
8877, -1.47163e-06, -0.00278857, 35883
8879, 3.25498e-06, 0.00136239, 35873.3
8878, -8.3089e-06, -0.00963428, 35877.7
8882, -6.80865e-06, -0.00692107, 35858.3
8883, -8.50571e-07, -0.00217649, 35853.2
8888, 3.11405e-06, 0.00137247, 35828.8
8890, -9.20578e-06, -0.0111432, 35819.3
8884, 3.10083e-06, 0.000766437, 35848.9
8881, 2.7309e-06, 0.00113434, 35862.6
8886, 3.16749e-06, 0.00138833, 35839.4
8887, 3.12699e-06, 0.00137723, 35834.1
8880, 3.08159e-06, 0.00135925, 35868
8885, 3.16936e-06, 0.000930201, 35843.6
8891, -8.19014e-06, -0.0105575, 35815.1
8889, -9.13418e-06, -0.0111092, 35824.6
8893, -8.52596e-07, -0.0021799, 35805.3
8892, -8.45941e-06, -0.0107261, 35809.8
8894, -6.80238e-06, -0.00691485, 35799.7
8895, -7.84429e-06, -0.00916075, 35795.9
8896, -8.17618e-07, -0.00214598, 35790.5
8897, -9.66596e-06, -0.0102975, 35785.1
8898, -7.63899e-06, -0.010201, 35780.9
8901, -8.75687e-06, -0.010906, 35766.1
8900, -7.79551e-06, -0.0103043, 35771.4
8899, -8.49505e-06, -0.0107491, 35775.6
8903, 2.57179e-06, 0.00100826, 35756.3
8902, -9.09879e-06, -0.010139, 35761.6
8907, -9.0997e-06, -0.0105114, 35737.2
8906, 3.2365e-06, 0.00110168, 35741.5
8909, -7.92557e-06, -0.00924456, 35727.6
8911, -8.79594e-06, -0.0109302, 35718
8904, 2.09903e-06, 0.000610142, 35752.1
8913, -9.51055e-06, -0.0110906, 35708.5
8908, -2.17374e-06, -0.00349207, 35731.8
8910, -8.69163e-06, -0.00995932, 35722.2
8905, 3.12008e-06, 0.00137408, 35746.8
8912, -9.525e-06, -0.0111318, 35712.7
8915, -8.76888e-06, -0.00999521, 35697.6
8914, -8.31541e-06, -0.00964616, 35703.1
8918, -9.10018e-06, -0.0105135, 35683.9
8920, -9.09986e-06, -0.0101406, 35674.2
8921, 3.26283e-06, 0.00136741, 35668.9
8919, -8.88484e-08, -0.00143798, 35678.4
8923, -8.09815e-06, -0.0105041, 35659.5
8917, 3.27241e-06, 0.0013464, 35688.1
8922, -9.00735e-06, -0.0104048, 35664.6
8925, 3.20477e-06, 0.000997767, 35649.6
8926, 2.94248e-06, 0.000395233, 35645.5
8916, 1.73107e-06, 0.000280565, 35693.5
8927, -9.3335e-06, -0.0112012, 35640.2
8924, 2.10643e-06, 0.000613877, 35655
8928, -8.33355e-06, -0.00966717, 35634.8
8930, 3.24286e-06, 0.00138618, 35625.2
8932, 2.47375e-06, 0.000925107, 35615.4
8929, -7.61551e-07, -0.00209568, 35630.5
8937, -8.89235e-06, -0.0109891, 35592
8936, -2.08001e-06, -0.00340244, 35596.3
8938, 3.06551e-06, 0.000657219, 35586.8
8935, -9.31921e-06, -0.0111974, 35601.8
8939, -9.55283e-06, -0.0102942, 35582.3
8931, -8.68255e-06, -0.010041, 35620.9
8934, -8.138e-06, -0.0105314, 35606
8933, 3.24463e-06, 0.00138577, 35611.2
8940, 3.13318e-06, 0.000810907, 35577
8941, -7.90764e-06, -0.0103842, 35572.9
8945, -9.52051e-06, -0.0112125, 35552.6
8944, 3.17384e-06, 0.00090677, 35557.8
8948, -1.93012e-06, -0.0032546, 35538.5
8946, -8.5518e-06, -0.0099014, 35548.3
8949, -9.21722e-06, -0.0106606, 35533.4
8947, 3.24158e-06, 0.00138915, 35542.8
8943, -2.46411e-07, -0.0015944, 35563.2
8942, -8.88129e-06, -0.0102633, 35567.5
8950, -8.03291e-06, -0.0104667, 35529
8951, -8.16383e-06, -0.00949382, 35523.5
8953, -8.00548e-06, -0.0104495, 35514
8952, 2.20022e-06, 0.000691559, 35519.2
8955, 2.63436e-06, 0.00105132, 35504.2
8957, -9.24118e-06, -0.0106918, 35494.8
8954, -9.5222e-06, -0.011127, 35509.8
8958, -8.5011e-06, -0.0107624, 35490.4
8961, -9.51095e-06, -0.0112241, 35475.4
8956, -8.3497e-06, -0.00968805, 35499.9
8960, 3.24641e-06, 0.00138899, 35480.6
8963, 2.92457e-06, 0.000337683, 35465.7
8962, -1.84408e-06, -0.00317088, 35471.1
8959, -7.40997e-06, -0.010059, 35485.2
8965, 2.75922e-06, 0.0011457, 35456
8966, 2.84654e-06, 0.00017024, 35451.9
8970, -8.89798e-08, -0.00144541, 35432.6
8969, -9.5311e-06, -0.0111901, 35436.9
8968, 3.12976e-06, 0.00137514, 35442.2
8974, 3.06206e-06, 0.00134364, 35413.1
8973, 3.14837e-06, 0.000828436, 35417.5
8964, -9.47258e-06, -0.0112357, 35461.6
8972, 3.16776e-06, 0.000875673, 35422.7
8967, -7.99116e-06, -0.00931933, 35446.4
8971, -8.10121e-06, -0.010514, 35427.2
8975, 3.16108e-06, 0.00138571, 35407.8
8976, -8.66193e-06, -0.00995024, 35403.4
8977, 1.89576e-06, 0.000420228, 35398.2
8978, -1.71154e-06, -0.0030413, 35393.8
8979, -3.75631e-07, -0.00172543, 35388.6
8982, -9.22784e-06, -0.0106785, 35374.6
8983, 3.0163e-06, 0.000524982, 35369.1
8980, -8.65248e-06, -0.0100151, 35384.2
8981, 2.78747e-06, 3.71344e-05, 35378.8
8984, -9.45107e-06, -0.0109878, 35365
8986, -9.50567e-06, -0.0110887, 35355.3
8987, 3.14575e-06, 0.000814388, 35349.8
8985, 3.12549e-06, 0.000768138, 35359.4
8991, 2.92259e-06, 0.000318964, 35330.5
8988, -9.49578e-06, -0.0110681, 35345.6
8995, -9.4862e-06, -0.0102828, 35311.2
8990, -9.39656e-06, -0.0109051, 35336
8992, -9.06253e-06, -0.0104791, 35326.3
8993, -7.48819e-06, -0.0101168, 35320.8
8998, 2.18115e-06, 0.000668785, 35297.1
8994, -8.31824e-06, -0.00966042, 35316.5
8996, -5.05536e-07, -0.00185466, 35306.8
8989, 3.08612e-06, 0.000676189, 35340.1
8997, 2.68319e-06, 0.00108416, 35301.5
8999, 3.29838e-06, 0.00128543, 35291.9
